100541028
100547613
100549092
100549246
100549706
100550476
100538610
100538923
100551089
100547709
100547091
100546013
100545555
100545709
100544476
116216524
100551397
100538561
100545460
100539640
100546738
100548117
100549958
100539893
100540668
100540202
100545047
100546283
100543082
100543346
100546739
100546889
100549496
100540260
100540728
100542569
100545092
100545401
100546627
100542821
104911227
100540975
100547710
100544790
100544164
100543704
100550984
100541542
104911125
100551398
100551243
100545199
100550268
100547660
100546740
100546129
100548378
100542262
100543813
100543657
100541648
100541339
100548227
100543596
100543750
100544063
100545308
104912641
100541543
104912840
104912980
100539798
100546481
100542823
100542050
100545713
100545248
100545404
100547867
100548019
100550575
100539126
100540826
100540051
100542619
100546741
100547047
100540827
100539741
100545865
100547713
100542052
104914290
100541438
100538717
100544537
100547202
100540053
100550577
100538356
100544480
100544793
100541134
100544166
100542054
100550481
100549711
100546998
100544481
100544638
100544794
100544945
100549502
104916183
100546939
100539283
100540210
100542514
100544012
100548531
104917417
100551292
100542157
100546844
104917433
100543239
100551094
100540629
104917495
100550988
100549197
100548273
100549503
104917517
100545564
100545252
104917512
100547511
100547204
100543039
100546590
100545514
100539645
100540107
100545565
100542622
100549813
104917623
100546486
100546334
100544950
104909395
100543242
100539238
100550122
100551142
104915403
100538719
100543136
100543449
104909456
104909457
100545467
104909219
100542983
100545311
109366356
100544852
100542361
104909467
100541441
100541594
100540678
100539902
100547311
100544379
100550378
100538463
100540885
100540733
100541241
100538930
100540631
104909554
100547052
100547206
100546133
100547513
100546442
100547406
100545871
100546180
100551197
100538667
100542516
104909591
100545622
100543758
100546544
100547975
100544900
100543196
104909672
104909631
100549918
104909648
100545312
100550840
100549815
100539340
100540578
100547158
100549919
100550534
100550993
100551145
100551298
100540632
100539240
100539857
100542467
100544174
104909755
100550023
100547255
100545568
100546943
109366087
100545256
100545722
100539958
100539594
100548079
100549611
100543391
100551352
100545569
100543139
100543914
104909850
104909854
100548130
100548278
100548893
100538669
100539749
100540986
100542315
100125332
100546183
104909917
100548638
100549257
100549408
100550485
100550329
100544647
100542939
100538723
104909977
100539136
100551044
100547565
100545929
100546240
100546699
104909245
100549048
104910044
100545674
104915418
100540218
104910079
100547623
100549410
100550025
104910121
100542115
100542521
100544857
100545008
100547317
100538572
100541348
100544386
100544858
100545875
100550180
100549411
100540891
100540428
100549355
100549203
100543971
100539446
100541599
100541908
100540375
104910293
100546853
100548847
100550231
100550537
100539192
100542682
100541350
100549819
100550434
100541400
100545056
100543357
100544751
100546749
100549261
100540273
104910435
100538883
100538574
100541813
100542119
100541506
100543514
100545782
100547626
100546703
100540894
100538575
100539965
104910467
104910480
100539811
100546750
100549205
100550538
100541353
100541815
100541662
100543824
100546448
100548085
100548238
100540530
116216541
100550997
100546644
109367205
100545727
100550586
100548897
100545059
100539812
100547105
100543301
104910694
104910668
100542218
100542840
100547009
100549926
100545574
100545262
100544807
100544958
100544335
100550082
100551001
100539398
100541402
100542168
100543205
100545523
104910817
100548285
104910826
104910833
100544132
100543977
100542996
104910851
100541911
100540277
109367434
100541295
100541144
100540223
100538521
100550281
100549823
100546401
104910908
100545165
100546706
104910954
104910956
100543305
100550588
104910998
104911000
100544756
109367653
104910980
100543671
100542123
100541510
104911005
100543618
100541298
100539297
100549824
100548286
100549362
100549825
100549977
100539606
100540536
100542169
100549211
109367982
104911102
100548902
104911104
100548441
100551463
100545109
100545264
100548597
100548750
100549058
100539299
100539145
100549517
100549672
100539916
104911139
100540846
100545883
100550591
100546800
100547416
100547727
100548800
100550030
100538732
100544395
100546500
100548852
100549468
100539455
100545635
100543154
100545325
100542530
100547323
100549469
100550337
100540123
100541609
100542225
100542071
104911260
100541049
100541201
100543001
100545267
100544655
100547418
100544026
100545113
100544443
100548779
104911318
100547419
100541000
100541611
100546094
100547787
100546860
100549470
100542170
100541249
100540327
100541097
104909234
104911394
100538629
100550086
100549777
100543052
104911460
100539044
100539200
100538580
100545581
100302587
100541764
100541305
100539458
100545637
100548701
104911552
100542586
100544909
100546145
100546300
100546453
100546601
100547478
100546909
100549625
100548243
100551006
100544500
100547612
100547270
100547885
100549981
100540543
100541002
100541922
116216802
100546042
100538735
100542850
100544559
100547272
104911764
104911696
104911765
104911697
100545639
100544717
104911730
100540901
100539663
100551417
100550649
104911801
104911784
100546454
100546301
100545682
100543210
100541154
100541709
100538788
100539094
100539709
100544969
100543566
100546200
104911899
100550037
100544137
100302597
100545063
100547172
100547328
100542129
100549522
100550139
109368822
100541362
100543984
100542174
100543627
100544872
100547583
100548195
100548497
100544562
100544607
109368929
100543058
100542904
100540285
100547528
100547991
100545119
104912103
100551048
100547676
100499422
100541713
100540442
100550447
100549523
100547637
100550091
100548399
100548551
100548705
100547331
100542231
104912186
100544971
100548808
100539770
100539925
100540702
100540855
100538586
100541925
100542078
100542854
104912214
100548247
104912220
100547021
100546715
100549322
100551314
100544141
100540754
100545218
100544914
100551267
100546966
100539407
104912333
100550756
100541870
100540177
100547375
100551316
100303675
100538743
100540601
100540289
100551269
100548501
100548350
100546716
104912446
100545376
100540908
100539210
100551423
100549888
100545219
100544764
100547224
100545279
100544033
100542331
100542023
100541566
104912573
100551165
104912633
100549940
100008571
100543879
100548099
100543189
100547223
104912649
100550859
104912610
100548709
100545798
100548448
100538690
100543010
100544250
100546259
100546867
100547586
100543435
100550758
100542332
100539101
100543259
100549941
100544507
100545438
100542486
100542644
100548558
104912765
100548404
100547025
100546869
100546416
100546106
100545950
104912776
100545069
100542752
100541569
100540650
100540339
100540030
100539874
100539565
104912787
100538796
100548046
100540184
100542027
100551169
100549890
100547948
104912850
100551220
100545687
100543262
100544350
100544193
100548150
100549373
100551066
100550605
100546154
100544921
100542858
100540858
100540705
100542236
100551067
100550918
100549683
104913013
100548914
100547998
100543840
100542753
104913024
100549279
116217135
100540446
116217136
116217137
104913026
104912978
100540135
100539981
100545224
100545126
100548152
100547228
100549838
100550919
100539620
100550353
100548405
100538437
100538902
100540291
100545181
100541931
100547950
100551015
104913180
100544040
100543422
100545283
100545595
100545748
100546972
100548969
100539367
100541674
100546765
100545226
100539057
100539673
100541371
100540293
100544771
100550456
100540294
100541676
100541216
104913251
104913253
100544726
100545182
100546569
100543791
100550922
100542490
100544041
100545805
100545340
104913311
104913328
100548612
100550151
100546920
100546612
100545692
100544845
100543793
100542241
100538698
100538390
104913369
100549230
104913371
100548156
100547952
100541724
100541265
100539569
100538953
100551018
100543112
100548407
100544149
100540607
100550659
100544412
100544880
100543172
100542862
104913452
100542240
100541012
100538492
100543222
100542492
100545078
100547080
109370304
104913527
100549691
100550304
100550924
104913537
100547433
100550203
100547187
100539677
100538907
100539987
100540916
100544414
100542089
100541277
100542663
100539062
100544153
100550925
100542447
100542293
100545390
100546425
100550407
104909258
100546162
100546617
100547544
100547852
100550306
100540246
100541167
100542710
100545901
100538394
100548820
100549898
100547594
100547750
100542651
100542493
100541727
100546057
100543268
100544515
100542189
104913805
100544673
100543427
100542962
100549234
100541322
100549439
100542868
100538396
100550512
100547286
100546058
100541118
104913864
100546878
100548363
100548514
100546215
100543333
100544832
100540611
104913962
100539527
100538803
100547650
100546879
100539990
100540868
100540093
100543270
100543893
100551431
100538444
100548364
100548515
100551234
100549850
100546826
100545755
100542094
100541221
100540769
100540146
100550666
100548825
100549901
104914099
100546827
100544204
100548981
104914120
100541787
100543180
100544734
116216191
100550515
100539223
100551433
100550621
100545546
100542296
100544932
104914188
100540350
100540041
104914213
100547651
100541020
104914217
100540351
104914218
116217421
100540195
100550931
100550821
100538988
100545547
100544362
100543272
104914272
100541839
100546883
100549489
100546927
104914328
100542921
100545965
100540507
100538497
104914356
100543273
100547600
100549031
100303691
100540817
100548982
104914456
100546983
100546830
100546678
100545966
100541227
104914516
104914505
100541226
100538892
100544475
104914530
100546832
104914563
100543802
100541791
100544421
100551341
104914604
100550875
100546681
100548676
100548370
100544111
100541484
100547761
100545912
104914673
104914674
100548677
100548522
100538810
100548164
100551240
104914722
100539271
116217500
100541123
104914729
104914739
100542815
100544369
100544842
100547298
100548376
100550520
104914824
100540929
104914827
100544471
100547858
100550008
100550313
100550623
100550778
100538708
104914966
104914972
104914974
100545350
100545506
109363954
100547196
100547042
100549339
104915056
100542502
100542196
104915088
104915090
104915097
100545144
104915112
104915156
100550471
100550879
104915174
104915173
100541735
100540972
100540666
100542661
100542349
104915217
100545765
100549448
100538606
100538763
104915293
100540621
104915342
100546321
100547550
104915372
100543744
104915886
104916040
104916112
100541951
104916249
104916525
104916554
104916581
104916602
104916608
104916864
104917124
104917145
104917202
100548986
104917218
104917388
5848001
100544533
100548377
100550784
104913833
100543859
100538714
100542568
100543809
109365936
100538968
100539122
100541585
100540513
100545198
100546437
100549650
100538660
100538969
100539949
100542413
100549497
100549651
100541896
100541738
100543905
104910765
100544009
100550573
100543083
100542617
100547864
100538870
100542884
100542570
100541956
100539641
100548885
100539078
100538925
104911699
100548073
100547770
104911865
100550221
100550679
100544535
100541897
104912584
100538771
100551291
100540361
100548018
100551399
100546016
100541740
100542204
100546784
100303690
100549654
100541589
100545358
100546130
100549346
100540517
100542510
100545560
100549402
100544220
100543132
100545151
100545715
100541439
104914651
109370509
100541649
100538873
100548475
104915108
100547154
100545096
100545406
100542055
100545924
100547462
100548380
100538842
109363780
100551447
100542309
100543552
100542933
100544013
100547560
100541545
100551293
116216196
100544797
104917573
104909224
100539337
100540263
100545410
100544949
100547051
100541547
100542312
100539545
100538929
100543290
100544697
100539184
100541746
104909479
100540213
100539027
116216271
100547156
100548686
100548230
100543911
100539338
100551450
100542573
104909515
100542624
100540788
100548687
100545977
100543710
100544487
100546638
100547100
100548636
100546790
100544951
100539440
100539903
100541747
100542362
100548379
104909606
100541442
100543604
100545516
100545052
100541805
100540109
100539647
104909642
100538465
100546848
100549352
100539494
100542675
100544223
100546394
100546082
100548383
100549153
100540477
100550484
104909735
100549256
100549560
100545413
104909747
100545103
104909762
100548535
100546698
104909786
104909821
100545257
100542676
100542518
100540524
100546182
100541398
100543140
100543607
104909896
100546945
100551233
100543126
100545426
100543868
100545259
100545826
100538826
100548999
104910018
100550994
100539701
100539241
100542317
100538982
100544436
100544280
100545157
100545007
100546241
100547928
100548235
100551252
100551407
104910103
100539032
100545316
100546947
100547104
104910198
100549564
100538726
100548741
100544804
100544648
100544387
100539291
100539908
100540219
100547163
100550077
100551147
100540272
104910361
109366837
100541552
100545208
100545519
104910414
100548796
100550641
100544282
104910452
100548333
100539655
104910473
100549566
100550182
100539944
100543048
104910533
100543516
100544130
100545984
100548540
100549769
100544650
100544334
100543976
100542940
104910682
100539502
100549263
100547259
100546186
100541752
100549003
100550999
100540744
100543922
100545934
100546089
100546245
100546552
100546704
100550081
100543560
100547568
100549927
100549053
100549207
100539089
100540636
100541861
100549822
104910834
100543670
100543303
100540532
104910917
100545014
104910933
100548644
100549264
100543617
100546033
100545880
104910967
100550898
100543519
100546403
100542943
100543248
100542474
100544809
104911083
100543717
104911090
100547264
100541706
100541403
100550698
100550392
104911118
100543873
100544024
100544180
100550901
100538835
100540996
100541606
100549265
100549416
100548645
100538888
100539042
100542374
100542688
100543153
100543466
100544554
100544712
100545884
100547573
100546193
100546348
100548698
100539146
100539300
100551364
100544396
104911225
104911236
100546093
100548545
100549776
100548090
100550031
100550645
100545112
100548140
100548442
100550134
100541688
104911289
100542532
100548137
100546350
100546956
104911345
100546557
100547476
100548854
100549008
100542946
100550187
100547575
100545736
100545887
100544499
100540542
100540697
104911507
100542074
100541612
100545483
100546095
100549165
100549624
100551005
100551310
100551465
100542278
100543521
100545525
100547634
100547789
104911565
100550088
100541405
100540172
100543411
100543471
100542535
100545117
100545584
100547422
100538427
100539045
100540592
100540900
116216807
100543625
100544400
100545019
100545484
100547578
104911671
100549270
100538737
100549116
100547579
109368564
104911723
104911729
100538428
100550752
100544910
100545990
100545371
100546862
104911814
100544090
100545486
100539459
100549319
100550191
100547735
100542017
100542479
100546356
100547426
100549730
100539358
100542746
100539512
100539095
100542747
100543212
100546409
100547173
104911989
100548095
104911991
100545331
100540487
100540949
100542538
100542852
100545023
100547738
104912068
100541056
100539206
100538431
116216922
100538830
100542941
104912143
100543414
100542175
100542019
100550140
100550291
100549219
100547942
100548859
100539462
100541004
100541005
100543939
100544873
100545643
104912216
100546256
100545944
100550857
104912243
104912248
100543371
104912283
100539823
104909314
100542640
100544722
100544565
100539560
100539253
104912336
100548910
100545743
100544345
100544972
116216981
104909304
104912356
100549630
100549938
100541334
100541367
100538589
100545067
104912436
100543529
100543215
100543373
100542284
100545946
100546866
100549733
100544609
100539668
100545591
104912556
100550553
100550401
109369459
100549325
104912643
104912602
100539714
100549171
100549371
100549525
100550913
100550142
100538998
100542234
100542386
100542856
104912701
100545491
100545799
100547023
100551319
100546260
100546415
100546868
100544190
100548249
100548403
104912735
100545027
100549018
100551167
104912747
100539411
100541875
100545124
100542800
100547125
100539104
104912814
100538487
100549942
100549634
100541570
100542182
100546515
100544192
100544349
100544666
100539720
100540807
100545223
100542802
100545379
100547072
100546915
100539927
104912926
100542082
100541312
100549224
100547381
104912957
100546916
100550199
100544300
100543218
100549736
100541368
100541673
100549124
100539518
100548353
100550352
100546666
100543885
100545747
104912993
104913032
100550506
100549430
100549174
100543013
104909367
100546567
100546107
100546262
100544251
100550453
100540859
100539982
100540603
100543014
100547182
100548103
100547027
100546721
100549175
100544826
100544978
100549125
100549584
100549738
100542665
100538490
100541063
104913170
100543377
104913173
100544302
100540292
100540448
100547847
104913203
100542755
100543065
100544616
109369884
100545074
100545999
109369994
100548304
116217201
100549840
100550710
100551173
100539369
100546264
100546722
100549228
100549532
100549994
100538695
100538851
100541776
100550766
100548970
100548253
100548104
100547338
100547490
100539315
100547695
100547385
100546767
100544617
100545807
100545342
104913347
100544413
100544101
104913472
104909315
104913356
100541778
100540400
104913374
100546769
109370171
100544926
100542186
100541880
100539415
100550866
104913487
100548715
100545693
100545385
104913494
100543534
100542757
100540295
100548816
100547646
100544255
100543946
100543792
104913451
100550712
100551019
100539570
100540500
100541421
100543380
100543689
100543845
100544151
100544306
104913522
100546770
100550461
100539317
100546054
100548204
100549282
100539524
100548664
100547032
100551428
100544928
100543690
100542601
100540608
100548206
100548053
100547747
100549897
100539835
100544308
104913645
100544622
100545542
100545697
100546316
100541836
100544623
100546727
100548717
100547341
100549484
100538442
100542143
100542604
100540501
100541530
100551215
100548459
100538701
100549233
100539627
104913728
100546841
100546211
100538858
104913765
100549132
116217317
100543267
100544672
100544514
100539571
100550969
100548005
100548310
100549080
100550928
100550002
100538859
100539167
100539937
100541782
100550207
100548057
100541728
104913863
100540192
104913896
100547134
100546059
100545601
100545289
100542247
100551022
100550561
100550103
100549180
100548873
100548258
100547956
100548411
100541169
100539939
100542810
100549135
100538398
100551389
100550775
100548006
100547441
100547289
100546060
100541377
100542295
104914094
100541222
100540613
100538755
100548516
100545135
100543430
100543895
100544261
100546119
100542095
100542249
100542715
100549387
100543227
100550257
100538805
100538495
100547807
100547037
100539421
100543799
100545503
100548111
100541481
100541634
100538400
100545136
104914263
100544679
100544521
100543585
100543228
100538914
100550105
100546431
100549335
100550161
100547392
100541840
100539532
100544313
100539576
100539268
100551334
100549952
104914357
100540968
100545909
100546829
100546982
100549491
104914399
100549548
100540044
100541122
100539732
100547139
104914461
104914462
100544523
104914471
100539379
100539226
100538759
100548674
104914485
100540151
100543702
100543800
100541636
100542873
104914537
116217477
100546376
116217478
100550022
100549751
100551436
100542875
100540463
104914589
100546433
100546885
100548263
100551032
100542411
100540095
100550720
104914605
100545608
104914625
100549598
104914630
100539481
104914657
100541176
100546834
104914677
100550652
100539424
104914689
100539117
100547393
100547548
100548167
100549239
100540354
100550722
104914734
100542347
100542501
104914744
104914778
100549753
104914774
104914768
100539072
104914865
100546929
104914869
104914874
109363911
109363773
100544890
109363946
100547812
100549493
104915037
100540199
104915049
100540665
104915054
100546381
104915111
104915122
100547299
104915124
104915144
104915165
104915160
100544213
100545303
100549143
100549754
104915284
104915302
100541080
100542924
100543699
104915334
100548012
100548166
100548624
104915621
100543032
104915906
100542880
104916214
104916259
104916309
109364694
109364719
104916523
104916530
104916622
104916647
104916661
100539254
100546534
104916999
104917009
109365067
104917050
104917107
116217806
100546456
104917194
100548778
100549957
100539000
104917271
104917279
tRNA-Leu
5848012
5848005
104909893
100546707
104913207
109363764
