100550803
100551390
100542381
100550737
100539656
100547769
104913068
104914517
100542738
100541539
100549740
104914281
100550604
100551225
100547861
100545766
100547798
100546593
104909492
100545141
104910502
100539878
104914258
100543477
100539215
100540323
100538834
100545922
100542044
100548591
100549456
100541375
100542561
100540911
100543633
100538715
104914039
100551274
100550980
100542966
100538731
100546594
100545988
104915544
100542318
100549274
100549034
100547335
100550397
100543426
100551085
100541884
100548207
100540046
104913186
100543768
104910952
100543686
100548072
100544721
100547895
100549455
100540818
100544115
100539786
100540077
104917012
100543980
100546687
100544053
100543589
100551374
100542419
100544581
100549328
100549320
104915931
104911821
104911598
104912995
100540189
100544011
100538975
100549474
100547780
100303685
100539068
100538405
104912644
104916205
100545702
104913174
100550153
100544770
100541209
100542036
104913415
104915927
104916720
100550663
100542009
100540614
100545633
100545411
104912483
100543481
100551016
100548476
104910941
100539717
104913113
100539030
104917192
104914854
100540201
100547401
100547495
104916872
100543648
100542264
100538768
100548041
100543407
100544269
104915029
104912970
100545680
100550628
100545712
100540679
100543832
100548671
100549364
100548884
109366110
100551344
100538703
100539844
100539463
104912558
100538828
100542818
100541163
104914561
100549744
100547699
100545537
100546444
100546254
100550521
100547970
100547098
100547675
100539860
100541548
100540332
100548713
100549037
104916358
100543187
100538499
100545028
100549405
100538747
100544292
100538838
100543192
104916528
100547908
100550145
100539912
100544667
100538496
104910924
100540562
100541900
100550511
100551273
100547099
100542629
100549932
109364878
104912757
100539918
100542824
100550844
100545751
100543987
100548961
100541313
104913714
100540715
104912597
116216385
100541394
100546654
100550355
100540304
100550724
104913590
100539687
100544177
100540284
100539069
100551153
100546249
100542398
104911657
104914154
100547414
100538646
100541771
692134
100543018
100544398
100551261
100543074
100540159
100542991
100549774
100547344
100547340
100549609
100550233
100540725
100545847
104913642
100546320
100549095
100543575
100541859
100549074
116217521
100542056
104912997
100538387
100550217
100543794
100538709
100550900
104915565
100549821
100551330
100542751
100540352
678662
100541660
100541698
100544590
100546270
100544611
104915941
100544310
100544743
100541130
100551212
100548881
100546525
100540615
104911208
100542018
100548571
100539308
100546185
100547045
100543784
100550771
100550046
104910142
100543844
100543644
100539001
109364472
100549615
100545513
100550244
100539872
100546011
104914784
100545444
100549242
100546502
100546937
100544630
100540099
104914524
100539454
100542173
104911327
100547155
100547931
100541959
100547132
100539772
100539378
100542541
100550807
100543102
104912834
100538455
100550422
104917222
100540388
100549786
100540335
100538952
100550372
104914401
100543729
100542443
100545522
100538855
100546221
100549054
100544316
100550650
100546780
100542097
100543181
116216170
104914712
109364438
100548773
104914529
100542135
100539399
104913395
100540073
100539584
100539461
100539351
100549854
100541406
104910376
100539974
100538868
100544028
100539504
100550090
100548098
104913843
104912939
100539832
104912139
100551385
104916262
100545745
100549532
104909633
104914719
100546537
100540014
100541732
100543849
100540719
100543788
100544434
100550676
100550150
100541642
654833
100538480
100547681
100551283
100542636
104915252
104913006
100547856
100551275
100540026
100548972
100547879
100543586
104916715
104915503
100542072
104914928
100540946
100550454
104914446
104915003
100548034
100540006
100550668
104910781
109365384
100546108
100540192
104914478
100539573
100547996
104913061
100550053
100539782
100545499
100540338
104910196
100538696
104912152
100546563
100551334
100550896
100538461
104912720
100540240
100548867
104913399
100545660
104913359
104913641
100548895
100547854
100538592
100549698
104912894
100544785
104913010
100542431
100550143
100547806
100548933
100540228
100546273
100545022
100539084
100541381
104913575
100538678
100539849
100541359
100541327
100540561
100548306
100548050
104910451
100542963
109363710
100550060
104911936
104915646
100539014
100546348
100541726
100546622
104914814
100541223
100548630
100548652
109370281
100550883
104913292
100543943
100548109
100548526
104915719
104913775
100547816
104912981
100548932
100549524
100544202
100546222
104914436
104916043
100546479
100543572
100544912
104915823
109365183
100549742
100551117
104914249
100544477
100549576
104911688
104913022
100539777
100541306
100545918
100548361
116216842
104915774
100546355
100544786
100543412
104916296
100544867
100542120
100547759
100545696
100550118
100548683
100551082
100544429
104914407
100541790
100542032
100543853
104913530
100550982
104911057
104913546
104913419
100538457
100541520
104913573
100544262
100547504
100539841
104912803
100545145
100379156
100538608
104917102
104912596
104916733
100542759
100539755
100550440
100541040
100548858
100538904
104912111
100539269
100550837
100547161
104914189
100550301
100547815
100548080
100540649
100549648
100544470
104915105
104909231
100545898
100550283
100545948
104917570
100541827
100544511
100550439
100545718
100549553
100550225
100541936
104915930
100541470
104911363
100548462
100543431
100539694
100548291
116217284
100539674
100546565
104915819
100550962
100549794
100545663
104913426
104912237
100541876
100550360
100546752
100550582
100548560
116216685
100544596
100542233
109370376
100547697
100539744
100544583
100538373
100538846
100543474
100541888
100545917
100543718
104916685
116217435
100550662
104911935
100549465
100539785
100538844
100547248
100545220
104911678
100546328
104911199
100543594
100545896
100539675
100549403
104914771
100540447
100541415
100542750
104913585
100545862
104914706
100548975
100539346
104913721
100542091
100540886
100548835
100547388
100543870
100546015
100547192
100551338
100542517
100548170
100540345
100549619
104915388
100539807
100551228
104917084
100543044
100546991
100544168
100544518
100542754
100550142
100540385
100544887
100543806
100541472
100547563
100548559
100547212
104915041
100539967
100538701
109364187
100544808
100551379
100546114
100538400
100543993
104914411
100544083
104913825
100541844
100550751
100541003
100544512
104909613
100549316
100546935
100540923
100545913
100545397
100546189
100543565
100545822
100542859
100540489
100538920
104916103
104912546
100549078
100540037
100546814
100547085
100547679
100544184
100540404
100544710
100539541
100541039
100546618
100547094
104910589
100544289
100538527
104910951
100544841
100550965
104915908
100541370
104915856
100541568
100547342
100539716
100546735
100546605
100541572
100543583
100542932
100543176
100546533
100538974
100548215
100546184
104915633
100551078
100543577
100545840
104913971
100541252
100549868
100539526
100546172
100550502
100546171
100543021
100550019
100543796
104916940
100550672
100540766
104915862
104915861
100543343
100545315
104916256
100549138
100547293
100539763
100548607
100544996
100542176
100540520
100544309
100546229
100545057
100541461
104914984
100546677
104911888
100548346
100547267
100550599
104914864
104913272
100549581
100541181
100548955
100379155
100550670
100544399
100539671
100544765
100540720
100547569
100547645
100550459
100546934
104917190
100547732
100542040
100545644
100546038
100540609
100539995
100548655
100548213
100546610
104916439
100542994
100544208
104911294
100543047
100549694
100538642
100545154
100542950
100551264
100546682
100548311
100542551
100545957
100543713
100546782
100545655
100547984
104914988
104910791
100551437
100541384
100539546
100550667
100543093
100547033
100541597
100550651
100546513
100549779
100544683
100543163
100539870
100548711
100541618
104916968
104913788
100549997
100539171
100541828
104914326
100538493
100543822
116217494
104913715
723983
100544942
104914800
100544110
104916366
100549222
100544244
104913028
100542161
100549183
100543045
100549908
104915835
100549168
100550256
104915203
100540853
104916116
100134843
100545851
100544178
100548362
100548997
100551190
100540622
100547460
104914687
100539172
100544959
100541338
104913824
100551296
100539679
100539848
100540357
100540000
100543418
100550891
104911648
100540102
100550011
100551027
100544768
100547256
100545382
100549303
100540859
100540952
100539519
100545062
100546584
100539978
104913587
104911256
100545695
100543064
100548267
104913407
100544194
100546369
100544236
100540175
104915932
100550798
100551026
100547712
100543130
104915859
104916381
104914992
100547777
100545616
100542126
100550619
100550872
104915379
100546974
100545645
104909270
100549999
100543988
104913504
104916929
100550287
100542795
104913936
100541807
100549026
100542805
100544995
100547906
104910169
100541551
109367252
100538389
104914445
100544940
116216184
104909253
100544671
100542637
100547034
100499425
100548537
100538864
100543232
104913950
100549487
100538697
104913114
104916023
104916254
100548030
100540164
100540281
100550326
100545846
100545850
100540194
100539484
100548112
100543823
100539384
100547587
100549013
100548563
100543103
100539450
100547332
100544267
100546731
100543462
104911008
100548615
104912766
100540936
100551408
104910056
116217683
100550932
109365522
100546331
100540018
100548114
104914632
100544188
100550959
100543284
100546691
100538430
100551360
100545282
116217346
100542838
100550838
100546723
100549068
100541544
100547987
100548337
100546968
100546377
104909337
100551288
100545819
100547371
100549025
109369120
100541710
100542098
100539114
100549185
100539685
104914616
100547430
100549189
100540315
100550359
100549021
104911455
100542172
104913432
100543434
109370665
100543532
104915944
100542441
100549446
104916307
104913819
100542537
100541165
100550684
100541396
100539889
100539465
100542830
100544408
100548566
100549214
100550429
100541346
100547467
100543240
100551160
100543443
100548572
104913547
100550627
100545958
100544021
104911616
100550366
100549298
100546103
100545166
100542987
100547609
100541374
100550795
104913484
104913606
100546367
104913063
100538671
100551003
104913774
104909223
100551259
100549317
100543166
100539015
100544187
100543520
100541501
100538922
100540759
100548103
100548332
100542237
104909267
100538818
100541127
100548478
100543165
100538877
100546730
104914291
100545829
100549963
100550406
100549191
100545246
100549724
5848007
100544905
100539886
100550768
100550983
100545936
100549109
100547933
100538432
100549983
100545043
100549716
100547140
100547498
100542017
100544516
100539602
100547652
100542914
104912107
100549578
100541527
100541428
100543376
104913058
104916314
100538702
100544817
100539986
100548090
100547281
100540523
100540552
104913066
100546821
100543230
100539366
100544329
100539428
100548891
104917002
109364668
100549739
100545553
100542034
100545195
100540496
100540011
104913969
100544526
100550630
104909683
100548528
104911289
100550254
100541358
100551146
104912665
100547702
100544233
100545976
100545809
100544813
104915599
5848003
100544855
104913621
104914370
100549240
104911687
100542491
100545511
104915807
100542455
100549146
100547315
104915730
100542865
100551101
100544383
100550405
100539128
100542270
100545230
100548890
100538584
100548500
100539148
104914203
104909524
100542911
100550954
104911655
100543478
104916826
100551171
100543229
100539764
100546017
100541066
100543486
100546987
100303677
100543120
100549413
100540706
100541317
100542463
104910918
104912853
100546206
104916120
100550186
100539882
104914582
100551128
100542790
100550162
109363690
100551336
100549258
104914116
100547891
100546237
100542480
100545625
104916042
100539624
104914408
100543693
100549018
100539975
100545664
100541191
100548756
100544070
100539464
116216595
100540441
100541175
109363698
100544240
100543122
100547443
104909365
100540661
100540547
100545417
100539667
104910974
100543550
104909373
100549291
100549103
100549141
100539403
100538809
100549458
100547927
104914817
100544934
104914760
100540504
104916155
100545872
104912460
100549126
100548889
100547029
100546877
100543838
104913465
100542893
104914410
104916842
100546705
100539698
100544557
100541502
100539888
100549297
100539514
104913794
100543680
100540248
100547469
100543587
100539147
100545841
100539598
100548289
100538921
104916016
100547217
104917254
100550167
100538546
100542417
100539851
100550912
100550974
100541596
100550100
104916180
104917170
100550568
104916642
100549512
100543656
104910588
100550045
100544879
100542245
100550984
100546360
100540944
100549098
100538722
100550445
100540910
100540696
100541826
100540858
104911283
100538988
104916864
100543253
100542162
100544615
100546629
100541230
109367245
100544665
100543846
104914827
100542277
100544775
100542909
100542087
100548764
109367578
100549011
100539515
100546058
100549627
100547525
104916441
100546390
100550312
100540784
104913249
100540938
100546104
100542391
100541468
100545997
100550399
100541829
100546643
100542045
100551182
100539884
100538422
100547020
100541235
100549563
104910614
100540376
100543787
100545441
100549638
100547101
100544529
100548623
104914229
104910670
100542395
104910267
104912054
100539185
100543815
100541353
100548754
100540445
100548514
104913682
100542668
100542021
100545071
100549676
104909230
104909846
100538350
100540391
100551015
100544359
100545869
100549586
100551464
104909619
109368155
100546406
100547078
100543999
100547442
104910645
100540232
100541700
100538450
100550250
100540854
100541155
104911398
100546553
100542487
100541009
100546318
100544560
100538992
100550403
100540563
100548197
100546599
104913288
100541989
100546049
100544437
100541816
100548511
100549655
100542489
104911291
100541183
116217175
100549844
100542447
100549251
100547079
100542406
100543246
100542928
100551055
100550005
100550852
100547270
100542957
100541974
100549211
100538676
104911088
100544539
109365382
100549836
100544649
100541429
100550889
100543305
100549384
100548045
100550235
100541298
100547531
100547684
100548918
100550762
100544491
100539136
104915699
100548869
100540573
100539513
100544287
100538906
100550997
104913392
100499427
100544078
100538881
100542808
104912326
100543756
104913245
100545306
104916165
104914160
116217471
100541236
100548007
100551115
104916241
116216923
109371059
104912188
100548149
100542453
100548086
100548308
100545143
100540043
100549281
104914282
100546798
100540497
100544849
100543805
100551132
100541932
100548659
100543886
100544633
100548789
100538472
104912625
100549417
109367742
100550415
100542239
100540264
100538619
104913014
104913179
104912309
104911102
100548928
100540484
100547918
116217239
100548856
100547464
104916907
100544992
100550793
109369641
100545611
109366364
100547268
100550678
100543425
100544641
100547018
100545904
100545196
100544766
100540494
109371036
100544281
100547236
100545328
100551254
100541092
100548727
100543073
100547686
100550530
100543494
100539610
100538958
100548367
100545835
100546340
100540267
100551384
109370490
100547528
100547783
100546204
100543850
100547191
100547503
100551421
100544249
100546404
100540223
109369660
100538385
100548282
100548681
100544553
104913052
100542302
100542002
100542696
104914621
116217474
100542826
100550609
100547622
100544698
104912999
100544993
100542420
100551304
109363684
100550917
100549341
100550776
100541813
100538539
116216798
100548784
100548389
100548791
109365916
104910671
100546201
104910412
100541446
100547988
100541493
100544150
100542916
109367617
100540549
104913375
100546155
100549693
104911651
100540474
100542877
100550729
100542267
100544519
100550381
100539258
100539623
100538647
100543504
100544798
100547149
100547201
100546573
109368788
100541962
100548823
100541800
100541556
100551207
100550579
100549394
100548825
100543495
104913506
100548044
104914611
100546499
100539297
100546978
104912983
100538799
104916669
100538399
100540770
104912890
100548923
100545102
100546510
100549949
104913318
100544543
100549965
100545127
104916671
100548694
100544430
100540034
104916258
100551271
100539410
104911971
100540600
100544370
100548811
104913055
100542765
100546337
100546665
100550549
104915147
109367754
104909504
104914430
104917289
104917439
100548244
100542430
100549252
100548002
100543085
100550829
100540459
109369870
100538463
100545130
104911367
100538565
100547031
100546559
100546057
100549664
100548221
100543053
104915791
104909200
100539485
100540986
104910382
100539203
100549412
104910653
100547374
100545582
100544250
100546604
100126248
100545612
100539681
100548819
100542845
100550981
104912430
100543158
100542536
100548020
100538517
100541677
100542554
100547330
100540764
100008577
100549529
100544708
100543947
100547112
100542721
109364189
100541475
100543666
104909279
100548070
100549864
116217316
100540869
100541801
100549960
100550971
100538541
100546799
100550116
100548978
104915713
104910482
100547586
100151696
100551038
104916874
100543778
100548548
100549107
100548393
104913677
104911307
100550642
100548927
104909232
116216596
100547466
104915401
100546717
100544834
109364594
100547241
100539955
100541026
100543385
104915317
100546633
100539163
104911234
100539919
104910846
100547361
104914383
100542978
100544654
100542590
104916204
109370652
100544138
104914293
104913295
100551303
100538720
100546755
100551108
100545770
109367821
100545989
104909418
104917413
100547537
100549728
104910908
109364275
100542339
104916325
100544445
100541212
100551441
109364139
100550632
100549605
116217475
100544757
100542464
100546933
100551188
100541724
100549669
100547572
100550112
100547751
100550214
100547319
100542716
100543464
100547837
104913443
100547354
104913954
100538774
100547698
100544502
100551209
100538540
100541352
100541102
100550349
100539592
104911539
100545032
100540187
109371034
100550817
100539879
100545048
104913643
100540695
100541182
100547203
104910418
100540059
100544320
100546414
100538603
104911371
100541622
100548062
100538896
100545557
100546157
116217642
100543578
100538962
100541734
100549306
100540358
100539449
100547153
100548787
104911232
104916886
109367609
109370236
100544509
100550823
100543051
100541663
100540430
100547921
100547130
100550076
100539796
100542523
100548119
104911005
100542597
100551361
100549682
104914674
100541697
100546891
100539761
100539007
100542988
100544229
104913416
100303707
100547678
100546957
104917198
100541853
104916916
100542297
100551290
116217552
104913777
100540909
100544209
100551014
100549051
104913376
100538388
100542276
104915967
100544619
100542527
100542079
100547296
100541397
100549110
104915066
104915380
100544025
100543553
100547008
104911569
100549975
104911659
100539189
109368509
100541509
109369105
100540780
100544366
100543287
100548211
104910147
100545081
100542964
104912157
104909688
104909990
104909445
104917024
100542394
100541517
100549709
109365195
100539223
104914746
100546998
100544017
104911015
100545439
109366751
100546100
100544199
100546495
100551164
104909693
100539051
109370194
100544594
100548670
104913412
100544673
100551362
100551491
100542190
109368911
100547147
104912965
100543148
100542643
100550990
100548292
100538598
100543291
100540775
100546412
100540181
100549591
100548802
116217222
100539549
100540075
100551268
109370871
100544372
104914002
100542235
100541645
100549894
100549899
100550276
100549621
100549690
100550385
100546914
100546993
100540849
104909703
100549985
100540955
100541822
104913791
100542397
100538831
100545123
100542657
104916355
100547010
100544772
100544730
100550927
100549777
104912682
116216192
100548364
100545301
100540377
100538886
104910920
100540132
109369134
100544483
100547453
104917156
100539540
100543178
100542799
100550920
100541909
100538562
100539471
100540825
100547260
104914412
100539840
100548081
109365772
100544378
100547318
100544132
104917160
104913882
100549398
100539375
100549569
100539197
104911138
100548521
100544119
104916088
100540880
100548995
100539695
100547813
100545551
100539853
100547244
104911995
104911909
100544592
100544397
100544864
100550409
100550379
104914685
104911581
109363716
100549369
109369420
100548718
116217245
109365427
100550976
104914190
100548953
100542488
100540478
100547114
100539352
100549248
104914613
100549558
104911001
104914176
109365169
100540306
100542128
100548274
100543856
100543489
100538857
100544821
104910274
100540755
109370681
100541561
100546759
104914438
104917435
100543292
100545255
100550319
100540071
104916672
100543531
100538653
100550473
100550705
100547811
104909641
104911366
100551068
100548120
109368526
100541824
100541832
100543438
100546342
100550307
104917133
104910140
104909615
100542833
100549873
104913475
100541620
100541248
100546504
104915348
100543704
104911881
100549913
100550396
100549582
100540231
100541693
100541259
100540090
100547711
100545556
100545178
104913474
104913340
100542326
100546649
100543358
104916473
100541626
100539154
100540783
100540440
100551194
104914480
100546690
100542246
100550782
100540903
100548886
100541425
104911711
100539652
100547885
104914259
100541809
100549828
104909694
100550833
100541637
100546548
100540070
100545777
100548845
100544811
100548074
109369843
100541977
104917149
100550139
100548038
100546491
100541857
100548857
104910669
100547630
100543852
104917114
100551260
104916190
100541345
100549710
104912789
104912629
100548980
104910127
100540736
100539081
100539377
100547736
100543834
100546400
100541973
104910935
100541112
100544763
100549893
104910352
100543320
664712
100550386
100547175
109364168
100551196
100549972
100548190
100540068
116217360
116217220
100541408
100545549
104917548
100551144
100539487
100546871
100542140
104909205
100540129
100544087
100546007
100550748
100549950
100545185
100546748
100550421
100543938
100538905
100542376
100545480
100544618
100543104
116216652
100543676
100549200
116216702
100543638
104912891
109364380
100543280
100545476
100549804
100548926
100550393
100547903
104915277
104913102
100547541
100538910
100542029
100540772
100546304
100539838
109368588
104914261
100541515
109370250
104911880
104916189
116216840
104915911
100545975
100546408
100550255
100549792
100539298
100546315
104909645
100544686
100540245
100545297
100540941
109369848
100547833
100545302
100538628
104913940
109369847
104917623
104912512
100538558
100549646
100545717
104911485
100549519
100540796
109364132
104913534
723981
100541423
104914909
100550423
100540832
100538392
109366079
104913782
100550430
100550825
104914927
100499426
100544861
100540579
100538876
100541482
100547823
104915954
100541891
100545275
104915369
100546210
104910652
100547165
109364559
100547670
100543931
100543089
100542695
100551088
100545375
116217409
100544695
100546306
100544346
100547692
104915359
104910172
100543761
104911429
109364176
100541277
100540693
100546681
100539137
100541949
100549800
109369830
104917476
104911752
100540234
100551346
104914595
100547688
100543296
104913097
100542389
100543480
100548087
100540867
100549593
104915604
100544377
109363744
100538563
100544106
100543206
100550760
109364940
104910956
100540328
104914767
104913072
104910317
100546244
100544492
100539564
100538808
100543493
104914372
100541077
100541657
100544197
100549279
100540188
116217770
100548958
116216990
100542839
100541051
100549067
104910663
100548489
104911250
104916078
100539569
100548680
104910353
104911106
104913388
104914923
100544179
100540127
100546603
104916562
104910472
100548498
100545737
104913450
104914138
100538987
100548544
104911200
100550259
100542578
100541133
116217866
100548555
100548270
100542471
100541590
100546218
100538798
104912786
100547535
104910611
100542459
109366371
100546950
100542563
104912494
100544230
100547408
109368198
100546820
104912899
100008573
104916805
100548827
100539235
100541342
100543581
104916448
100542658
100543506
104913168
100550206
100540782
100548912
104916709
109370327
104916867
100550247
100546523
104909440
100538694
104912113
104913483
100541490
104911207
100545886
100541217
100542701
100548901
100542025
100539420
104913273
100540369
100541202
100551480
100549823
100539023
100545606
104909617
100548209
100539863
100546196
100549785
100547768
100543843
100543353
104909368
100538971
100550671
100539451
100540308
100547794
100547556
100539774
100550721
100547309
100546151
100540150
100551314
104915364
100542442
100541484
109371068
100548685
100541383
100550690
100544979
100542210
100538899
100541204
109370887
100541376
100549488
100549246
100550269
100550451
100538667
100540479
100543370
104909347
100540862
100548326
109370113
104913304
100550674
100550009
104914642
100542465
100549134
116217357
116216806
100539970
104910048
100543161
100541341
116217260
100542147
100544273
100549111
104909689
100545555
116217410
100539204
100545119
100548444
104911267
100541466
100548611
100543399
100539900
100546527
100548508
100546641
100547262
116217698
104914724
100548058
116217152
104913495
100545189
100543285
100543384
104912733
116217342
100545562
100551426
100544181
109367181
100541979
104913089
100544824
100547444
100551093
100542520
116217544
100541158
104910979
100539906
100545929
104915664
100539894
100547687
100542686
100540106
100546683
100541850
100544911
100542290
100544165
100546309
100543990
104910061
100539111
100545711
100540767
109368262
100544055
100543115
100544754
104915924
100548628
104909236
100543105
100544210
104912114
100551210
100542600
100548234
100550021
104910657
100546458
104914321
100545900
104909686
100544741
100549157
100549308
100547291
100545690
104915722
104909437
104913893
100545125
100545279
100539129
104912486
104911055
100551197
100546203
109364030
100540756
100546672
104910105
100541190
104915230
100545498
100548996
100538391
100546560
100543139
104913562
100540928
104914195
100542609
100543374
104911382
100540692
104916486
104909330
104914294
109370013
100544405
104913640
100541934
109369187
100541565
100543225
104913795
100548471
100542907
100538621
100550977
104910084
109368834
104910954
100541863
100541811
104916083
100542863
100540977
100544122
100551006
100546072
100550108
104912548
104916841
100540907
100540302
104910564
100538459
100545418
100545084
104912447
104913540
100546368
100547917
100539140
100538550
100543505
100544677
100549150
100547888
100545804
100551062
104917539
100544731
100544755
104911323
104915299
104912605
100545572
100543396
100547194
100547373
104913328
100540816
100550907
104912692
104912698
104913826
100544977
100539969
104914103
100550961
109368063
100539730
100547106
104912308
104910222
100547216
104914322
100538853
104911292
104915007
116217449
100547436
100542356
104913476
100548008
104911081
104910981
104915858
104913319
100550262
100544998
100545849
109364623
100545564
100549862
100544075
100544715
116216425
100540399
100551059
104910052
100539618
104914361
100540689
100542677
100540148
109365117
100551459
100541529
104912499
104910677
104911767
100547912
104916339
104916283
100550178
100546480
104917078
100547113
116217812
100549665
100542104
100543294
104915793
100541820
104915419
100541225
100541929
100034740
109369982
100541690
100538778
100550696
100539031
100548803
100542273
100550068
100546918
109367701
100549527
104913243
100542484
116217133
100546358
100546298
104915871
100539586
100541364
100542976
100546675
100546712
100538569
100539520
116217819
100549911
100547706
100549653
104913857
104916068
109368124
100548208
104916633
100548967
104915848
100550704
100541523
100540943
104914433
100550537
100542014
104914428
100546976
104913699
100538820
104914014
100543316
100541354
100542066
104914715
100548776
100539181
100547474
100549425
104909923
100547254
100543308
100545116
116217634
100544219
104915995
104912756
100551176
100542948
100550001
104911484
100550713
116216527
100547986
104913595
109364394
100546290
100546772
100542862
100550995
100542084
100541672
109366689
100544014
109363748
100547493
100549266
100546427
109364428
100540682
100546199
100541889
109364616
104909371
100551445
100546630
109369694
104916240
100545675
104913619
116217318
100551311
116216899
100542498
100543900
104911632
100540647
100550801
104913437
100538665
104911486
100543627
100539911
100546460
104910145
100548706
100538919
104909568
100543226
100542350
104915875
100538978
100546146
100539372
100540389
100541555
100548847
104915840
100542564
100551105
100542165
100549059
104913932
100544868
100548371
100541454
100544587
100545326
104914139
100540058
116216749
100545380
100548010
100539885
100545369
100544348
104913035
100547589
100540096
100547389
100539630
100541324
104912361
100550796
104914579
104911437
104912112
109369664
104911244
104913436
116217270
104912184
