116217662
100551136
116216819
100544256
109369636
109364631
116216434
100544723
100539924
116217657
100541965
104909647
109369391
109369473
100547821
100541372
100546167
104916221
104911082
104913186
104916022
104916046
104916666
104915872
100547414
116217363
104916124
104912023
100539384
104911931
104913118
104914560
104916155
104917083
104917188
104916230
100303672
104910031
100544258
104911269
100548980
100541771
104916650
109364710
100550420
104915908
100542975
100544855
104916412
100543823
104916724
100541213
104913716
104915944
104916318
104916783
104913461
104916017
104916665
104917098
104916664
104916029
104913027
100549298
104915134
100547551
116217372
109364394
100540255
109365032
104911935
104914650
100539763
104914622
104916012
104916712
100540397
104917189
109364436
100550900
104916078
100539989
100539143
104912616
109364641
100545463
104916999
104913138
100542152
109364673
109365110
109369139
109366371
109364865
100539535
100539323
100547044
116217362
100540531
104916377
100547552
104914455
104915943
100540341
116217628
104909302
104916271
100542048
100546911
100544214
104914243
104916026
100548568
116217514
109364364
104915866
104916891
109364227
104916731
692134
100546322
104916467
100550672
100545553
100549752
104915960
109370881
104914260
100543128
100548933
104915842
100544104
104915907
104915645
104916175
100550936
104917084
109364487
100542254
104914273
100545606
104913774
109369696
109370590
104916279
104913030
104915897
104916355
104914399
104914400
100547490
104915492
100551237
100547290
104912331
100540338
100546108
109363962
104914661
104915862
100538731
100544439
116217052
100548222
100547777
100546881
104916784
100547453
100539098
100538558
109364679
104913632
104916150
100543943
104912384
104916476
104916019
104916945
100543165
104916070
104916367
104914713
109364723
104912757
104917109
100550439
104914310
104916895
104916016
104916656
116217652
100546623
104909440
100541179
100539483
104915531
109365216
100545153
104917236
100543018
116217357
104916918
100543477
104916649
100544596
116216421
100541949
104914249
109364499
100550218
100545196
100547798
104916441
104913709
100540780
104916833
104913622
100544741
100546516
104913476
100550170
104910710
104916893
116217433
104915873
104916358
100548214
100544693
116216397
100548059
100538373
104916892
104916265
100548667
109364494
116217493
100548381
104913171
100540956
104916023
100548071
100546168
104913170
104913119
104913677
104915923
104913600
104916824
104914204
104913228
100548076
109364538
116217785
116217423
100549141
100538992
100547547
104915978
104916177
100544631
654833
109370726
104912983
109370432
104916344
100547467
100544848
104914614
104916872
104915869
116217790
104916159
109364383
104916254
104914700
100545300
104911057
100547131
104911497
100548721
104915397
100540720
104911690
100541368
116217480
100539264
104912520
100134835
100547643
104911755
100545073
104916454
100547089
100538527
104915401
104913647
100550217
100546262
100543033
100549955
109364162
104912970
104915950
104911309
109364904
100549663
100549126
100539484
104914331
104912984
100538705
100545958
104916273
104913307
100548714
104912486
109365295
100543187
104915848
104915994
109365595
116216899
104914579
100550709
104916041
100543120
104913649
100539231
100541515
100549237
100542411
116217335
104915893
104916916
104916440
104915740
100540073
100547949
100538922
104909699
100550610
100538818
100542350
100550804
109364438
100548566
100550013
5848008
100541738
100550370
100551486
100539449
104916204
100548070
104910739
104916209
100538538
100547707
104912900
100546680
100538678
104915787
104914712
100549228
104911243
100539888
100540315
100549417
104913254
100550108
100538607
104912894
100541551
109370299
100544052
100540726
109364589
104916404
104916880
100547437
100547622
100543069
104916733
100544556
104912597
104914613
100549858
100547900
109370652
100547773
100548836
104916238
100546675
100550457
109366364
104915967
109364428
104915566
100539147
109371028
100543595
104915911
104914015
100549291
100545149
100548367
100541434
100544106
104916223
116217691
109365936
116217396
104912467
104916327
109365116
100542172
116217666
109370926
104913141
100543594
104912657
104910567
104910706
104914615
116216960
104916219
104915900
104916715
104912902
100548245
100540203
104913667
104913121
104914291
100542597
104916178
100550981
100549146
100544542
100544251
100539636
116217053
104913656
100550751
100543478
104916040
104914286
104913475
104914704
109364189
104913472
100539153
100550829
100540089
100548081
104913083
104916222
104915398
104913619
100549731
116217111
104913168
100549289
100544110
100539526
100539738
104912019
104913875
104916835
100543150
116217716
100549082
116216834
104912181
100549832
100543476
104912105
104911437
104914598
104911616
104913120
104912112
104914002
100550676
104911618
116217293
109367709
104916108
116217784
104911289
104915775
100540290
104917152
104911286
100542257
100548167
100550404
100541829
100546004
109367080
104915395
104916573
104914450
116216198
116217630
104915424
104915936
100550968
100542546
104916296
100543887
100542568
109369664
109364604
109368282
100547045
100545494
100542886
100541026
100545045
100548103
100545632
104910066
104916511
100539658
104912401
116216961
116217804
100549803
100545552
100547702
104915759
100538681
100544754
100547865
100542754
104916912
100543229
100543163
100541255
100548573
100539408
104913477
104914433
100542128
104917384
100549270
104916436
104914274
100538804
104912540
100545378
104914646
116217698
104916647
100542758
100540549
104914172
104912114
100542885
104915807
116217483
100539652
100540942
100547138
116217268
104916857
100549911
104917066
104913226
100549132
100539632
104912265
100549648
116217313
104915849
116216779
100546396
104909524
100541857
104911382
104915593
104916823
100542765
100540400
100542774
100547430
100540690
104915990
100549745
100547986
104915855
100538455
104913183
104913843
100540154
100543890
104916025
104909232
109366315
100542147
100549028
104915871
100545195
104915686
100550430
100546699
100543960
100546993
100547503
116217502
100541736
100543794
100545891
109370649
100546114
104916826
100541859
104914709
116217201
104912144
100379155
100551469
104911244
100550590
100550419
100542044
100549179
104916374
100539920
104913991
100545318
100541844
100547126
100551430
100545397
116217320
104916018
104915776
109365047
104911325
116217643
100542105
104917114
100551146
104915646
100540040
104916042
104916929
104916317
100549395
104916996
100542202
104915983
104914725
104914721
104916152
100550326
104916836
100546679
116217689
100539423
100541360
100547335
104916182
100303689
100548374
100540274
104913232
100540313
104910942
100546056
100547604
104914133
104912847
104910616
100545488
100546556
100546567
104911679
100541487
100543070
116216922
104915986
109370933
100547378
100542072
104916205
104916304
100538634
100543127
100543224
100546687
104916480
100551129
100546880
104917028
100543641
104910404
109369474
104912414
104913436
100542084
104916736
104913111
100538834
100538635
104916744
104913679
100542764
116217683
100538616
116217270
116217113
104914478
100550745
100545598
104912184
100548835
100542451
100550167
116217172
116216316
100542499
100548359
104915503
100548472
109366137
100545610
100539772
100539639
104914518
104911740
100540439
104913395
100538480
100551069
100542342
100544892
100550112
100543748
104913971
100548778
100547566
109364382
100544874
100550556
100550051
104915829
109364773
100540081
100544878
100549713
100546817
100542246
104914197
104916272
100539288
100547301
100548252
109364623
104917027
100539848
100543991
104916648
104911989
100545847
100544999
100551275
109364602
104914058
104915844
100550994
104914626
104911020
100539159
100542135
100545495
116217751
100551188
104915721
100551395
100539428
100538846
104913419
100538443
100549306
100538864
100541577
109370444
104913788
100546310
100550315
104916438
100550046
104916595
116217773
109364474
104917024
104916274
104914561
100547801
100543230
104915761
100541485
116216674
100542860
100540508
100540649
100549800
100551354
100547069
104916822
100543980
104914660
109364676
109365120
109371145
104912393
104912211
104916439
104916043
100546350
104915875
100543536
100544393
104913765
100538962
100549793
100547904
100546164
100542636
100538598
104917012
104914408
100548398
100539982
104914910
100543338
100544575
100543412
104914277
104911678
5848007
100543102
100541995
100546327
100540706
100546605
100538837
100542872
104912979
116216342
104916762
100546254
100543441
100540160
100544115
100548830
100543481
100544615
100538423
100538893
104915835
104915774
100548318
100546305
100543587
100542237
100550650
104916337
116217225
104916495
100541579
104914443
100543942
100544922
100547173
100540601
100548346
104914173
100547487
100542390
100551394
116216685
100538368
109364605
100540436
100547918
104916295
100545135
109370194
104913641
104913418
100543746
104913881
100540496
104915972
100549791
100538509
100542614
100549446
