100538868
100540102
100545918
100543594
100541181
100546691
100547769
100548072
100548528
100539694
100540159
109369120
100550630
100548170
109363698
100544940
100547504
100549189
100544743
100545819
100548267
100547815
100551190
100551344
100539541
100546479
100546934
100547816
100549037
100549191
100550372
100550983
100551288
104910589
109363690
100538768
100549553
104910791
100546935
100544942
100546782
100544477
100546171
100543550
100546015
100545862
100545246
104910924
104911294
100550422
100548884
100540315
100540006
100547045
100538457
100545922
100538715
100543192
100543656
100545511
100541338
100550883
100544429
100548683
100539584
100547460
100538975
100540936
109368844
104912853
100541130
100549095
100548630
104913114
100547248
104913028
100547094
100546328
100546172
100547401
100303685
104913155
100543130
100543443
100543284
100546017
100546937
100542932
104913642
100545513
100545822
100542824
100539128
100541900
100546331
100538974
100550118
100549963
100544011
100550019
100549403
104915544
100544785
100547970
100544168
100547155
100549983
100541544
100547098
109364187
100539744
100542463
100548889
100545718
100544641
100543240
100538461
100544590
100545976
104917570
100541394
109365384
100548890
100548891
104909373
100544329
100547099
100545411
100546991
109365522
100549405
100550326
100542056
104909492
100550684
100549303
100550837
100541959
100542264
100542161
100539546
100541698
100541548
100541396
104909524
100549455
100551296
100550838
100550225
100540164
116216385
100548478
100549868
100540523
100540679
100542830
100546237
104909613
100544434
104909633
100540886
100549456
100549609
100545154
100538877
100539030
104909683
100542517
100548997
100540011
100547563
100545872
109366110
100542419
100549458
100550429
100544070
100550891
100542987
100547256
100549716
100549103
100541346
100541501
100550737
100550582
100546444
100541597
100544383
100545625
100547315
100544855
100547467
100548080
100551146
104910056
100546593
100538671
100549258
100539598
100545315
104910142
100548537
100541039
100547469
100551408
100539807
100541040
104910169
100542991
100546184
100550795
104910196
100548332
100551101
100546594
100538828
100547780
100550844
100542838
104910376
100546185
100543045
100542270
100545829
100547212
100539346
100541660
100543822
104910451
100547931
100543047
100542738
100542120
100538864
100538709
100542818
100544596
104910502
100540323
100544905
100547675
100549615
100550233
100544177
100543870
100544021
100550896
100549821
100549512
100545522
100549109
109367252
104909253
100543713
100542994
100547161
100539967
100543768
100544233
100547933
100545057
100540014
100539860
100544178
104910781
100549465
100551153
100549054
100546752
100543806
100543462
100539912
100539450
104910918
100546705
100545936
100545633
100544710
100549619
100551360
104910938
100539504
104910941
100538731
100550798
100544808
100544959
100548337
104910951
100548030
100544236
100547879
100547569
104910952
100546189
104910974
100547217
100545680
104911008
100547984
100548895
100545166
100550283
100550900
100550439
104911057
100547414
100538834
100538678
100543407
100539399
100549774
100551003
100547679
100539454
100550440
100548955
100549724
100540228
100539351
104911199
100544083
116216685
100546348
104911208
100539918
100546249
100549316
100548090
100551259
104911256
100546038
100547267
100547987
100549364
100541844
100538373
100538527
104911289
100539763
100540385
100540073
100542072
100543718
100542790
100544813
100546502
100548034
100550186
100539148
100539764
104911327
100538838
100544240
100544867
100549317
104911363
100543520
104911455
100545988
100547371
100547681
100549214
100551212
100544398
100549932
100540018
100542126
100540946
100543980
100544289
100549779
104911598
100543565
100544184
100544028
100550751
116216184
100550287
104911616
100540388
100541306
100541461
100544399
100546654
100547732
116216842
104911648
100541358
100551261
100542381
100540281
104911657
100542431
104911678
100550650
104911687
104911688
100544244
100542537
100541359
100550803
100546780
100548291
100545062
104911821
100541003
100540853
100539403
104911888
100542172
100541406
100541710
100542636
100544817
100543412
100541252
100540077
100542017
100542173
100542637
100548041
104911935
104911936
100548346
100548961
100540284
100543832
100544292
100539975
100538430
100551264
100550651
100544912
100546254
100547018
100548858
100549168
100549320
100549474
100550090
100546355
100550244
100550397
100545022
100551160
100538480
100540175
100542018
100543474
100547891
100548652
100540441
100548756
104912107
100539755
100539602
104912111
104912139
100541859
100542009
100542318
100542629
100543093
100540332
100542950
100543102
100542795
100542480
100539461
100550599
100545553
104912152
100540099
100549013
100538844
100549576
100550807
100540547
100538432
100543784
100543163
100544721
100547332
104912237
100539514
100539667
100540952
100545644
100543477
100549524
100546204
100544187
100543103
100542176
100540489
100542751
100541828
104909267
100540445
100499425
100544765
100543988
100546563
100542750
100541520
100541827
100545645
100545220
100548500
100550502
100550962
100548098
104912460
100549578
100549274
100548655
100546605
100545840
100543987
100543680
100542541
100542233
100541209
104912483
100539978
100544611
104912546
104912558
100549786
100546513
104909223
100544188
104912596
104912597
100546968
104912644
100540335
100540026
100546814
100546103
100550142
104912665
100551374
100538846
100539308
100539463
100543165
100543478
100545948
100547996
100549068
100549222
100550143
100543122
100539716
100539872
104912720
100543418
100543572
100546565
100548711
100549018
100539717
104912757
100540649
100541415
100540338
100541568
100545745
100545896
100546206
100547587
100547430
104912806
104912766
100541876
104912803
100550604
104912834
100538642
100549581
100543729
100543575
100544667
100546687
100550982
100539464
100550980
100539772
104912894
100540496
100541618
100541771
104913006
104913010
100539001
100539465
100550145
104912939
100548607
100544768
100543532
100543376
104912970
100542135
104913022
104912981
100547895
100545898
100545282
100543166
678662
104912995
100544194
104912997
100550965
100550046
104913058
100548867
100548559
100548713
100547798
104913061
100542859
100547335
104913063
100542237
100545028
104913068
100543481
100543633
100543788
100544408
100541313
100540859
100540706
100539366
100539519
100539671
100540447
100540759
100540911
104913113
100549021
100548560
100548103
100549298
100546108
100379156
100544786
100541572
100542029
100544511
100551016
100551171
100550454
100538952
100541370
100546610
100542441
100542754
100542911
100543064
104913186
100544770
104913174
100545382
100543686
100547694
100543943
100539215
100538904
100538592
100538747
100539674
100542443
100549532
104913272
100551379
100544316
100538387
100540240
100540552
100538696
100541470
100551225
104913292
100543577
100549126
100550150
100550301
100547029
100547645
100546723
100539777
100538697
100538389
100550459
100548306
100545846
100545537
104915503
100544996
104913465
100547340
100543486
100543018
104913359
100541317
100541472
100539624
100550768
100549997
100545230
100543844
104913484
104913395
100550405
100542805
104913399
100539878
100542491
100549328
100543993
104913407
100545847
100541527
104913415
100539986
100539675
100539832
104913419
104913426
100303677
100549739
104913432
100548050
100541163
104913504
100550406
100550100
100538646
100542032
100543380
104913546
100545695
109370281
100547388
100547697
104913530
100550153
100551228
100541165
100538855
100544512
100548972
100550355
104913547
100549740
100541936
100540609
100545957
100551273
100545696
100542914
100541374
100549742
104913573
104913575
100540874
100538818
104913590
100546974
100546821
100545958
100546114
100545655
100545499
104913585
100543794
109370376
100542865
723983
100542551
104913587
100551274
100550662
104913606
100539526
100538455
100549648
104909337
104913621
100550217
100540766
116217284
100541375
104913641
100542759
100545850
100549999
100548615
100549078
100548207
100546229
100538546
104913714
104913715
100544309
100546270
100546877
100547033
100548563
100550254
100540345
100540189
100543693
100544310
100543849
100545851
100538584
100550771
100551385
104913721
100538701
100544671
100548975
100538702
100549694
100550511
100550663
100548361
104913788
100547712
100547132
100546367
100543426
104913774
100545751
100545444
104913775
100541726
100540037
100539882
100551275
100542034
100547699
100546618
104913819
104913824
100538703
104913825
100539782
100540404
100542091
100542245
100543021
100543176
104913843
100543796
100540715
100542398
100540248
100546369
100550359
100550053
100549744
100548362
100544516
100542963
100541884
100134843
100540504
100540192
100538493
100551330
100549025
100545809
100547034
116217346
100547495
100547342
109370665
100539679
100550256
100549794
104913936
100549026
100548109
100547806
104913950
100549413
100544115
100544269
104913969
100551078
104913971
100540561
100550619
100542036
100544202
100544518
100550360
100547906
100546730
100546273
100548311
100547854
100543583
104914039
100542918
100548671
100539573
100538920
100550628
100547443
100547908
100548213
104914116
100546731
100547344
100544262
100541223
100540923
100540614
100550667
104914154
104914203
100548462
104914189
100540194
100549487
100548566
100543181
100539886
100551390
100544887
100547192
100550668
100547498
100547652
100546537
100545616
104914249
100538405
100538400
100541539
104914258
100539014
100540562
100539785
100542097
100543431
100542966
100541327
104914281
100545702
104914291
100540615
100539068
100538496
100550872
116216170
116217435
100549183
100548112
100549698
100548773
100547702
100547856
100543074
104914326
100539114
100540304
100539841
100539995
100551082
100550932
100543229
100543853
100547861
100544470
100544934
100540352
100551334
104914370
100546525
100543586
100546677
100549185
104914401
100541551
104914411
104914410
104914408
104914407
100539269
100541428
100539888
100546584
100548835
104914436
100541888
100543120
100541732
104914446
100543587
104914445
100542040
100539378
100539069
100551128
100549291
100549138
100547293
100545712
100545660
100550670
104914478
100548215
100547140
100542098
100541790
100543644
104914517
100541381
100539685
104914524
100550724
100544208
100544053
104914529
100547759
104914561
100544110
100542561
100539844
100539687
100545397
104914582
100546735
100548114
100548571
100539786
100539171
100538499
100551336
100551027
100546377
100546221
100550060
104914616
100549141
100549446
100544683
100540622
104914632
100541175
100540719
100550672
100550366
100551283
109363710
100539172
100538608
100543434
100540720
100546987
100546682
100546222
100545141
100544526
100545766
100379155
100550959
104914687
100545917
116217494
100538809
100549297
104914706
100543648
100544841
100543230
100545913
104914719
100547085
100550162
104914712
100547609
100540818
100539889
100551338
104915565
100551437
100543589
104914760
116217521
104914771
104914800
104914784
100540000
104914814
104914817
100541384
100548476
104914854
100546320
104914864
100549854
104909270
104914928
104914984
100544581
104914988
104914992
104915003
100548572
104915029
104915041
100540046
104915105
104915203
104909365
100544995
100545145
100546533
104915252
100549908
100550521
100540725
100541843
100543232
100546622
100549242
104915379
104915633
104915646
100542455
100545664
100545043
104915719
104915730
100550954
104915774
104915777
100539384
100543187
100543343
104915807
104915819
104915823
100549240
104915835
100551085
104915856
104915859
104915861
104915862
100550676
100550829
100544583
109364438
100548933
104915908
104915918
100549074
104915927
100539015
104915930
104915931
104915932
100551117
104915941
104915944
109364472
100542044
100544630
100539974
100539849
104916023
104916042
104916043
100550167
100548526
100543823
104916103
104916116
104916120
104916155
104916180
100541642
116217683
104916205
100550011
100541807
100541191
100539084
692134
104916254
104916256
104916262
654833
100545195
104916296
100540357
100544267
104916307
104916314
109364668
104916358
104916366
109364693
104916439
104916528
104909231
104916685
100548591
116217741
109364878
100539147
104916715
104916720
100549146
104916733
104916826
100546011
100539484
100538922
100540201
100541127
100550627
104916929
104916940
100539428
104916968
100549034
100548881
100538921
104917002
104917012
104917084
104917102
104917170
100541596
104917190
104917192
100551026
100539848
100547927
100547777
100548932
100543044
104917222
100545663
100539656
109365183
104917254
104917291
tRNA-Ser
5848003
5848007
