109370635
100550325
100543786
104910665
100539219
104910514
104914234
109365644
100539984
109370353
104910278
100550955
104912265
104914060
104910475
104913041
109365568
104914962
100551391
100303659
109367409
100539329
109368101
116216489
100548979
104911983
109368359
116217251
104911861
100542718
100544938
100550201
100547910
100548998
109363860
100542068
100539344
104910015
100547800
104911741
109369071
100545781
100551402
104913192
104909469
104910119
104913095
109367473
100541419
100544795
104909579
109369261
104917496
100542092
100543709
104910130
116217585
100548579
109365902
104909211
116217363
116217372
109367176
100551236
