100538868
104911291
104917413
100540102
100545918
109365916
100541181
100541645
100545306
100546691
100547769
100548072
100548528
100539540
100550319
100540159
109369120
100538350
109369830
109369870
100549398
100548170
104914176
100546933
100545555
100544633
100542928
100541182
104909619
100549341
100549804
100550112
100540358
116216652
100544743
100551190
100550421
100551344
104910147
100539541
100540880
100541183
100545556
100546479
100547816
100548119
100549037
100549191
100550372
100550678
104910589
109363690
100538768
116216798
104910791
100549248
100499426
100546935
100544477
100546629
100544320
100546171
100543704
100546015
100543396
100545557
104910924
100550984
100550422
100541235
100540783
100548884
100540006
100548120
100539695
100547045
100538457
100545922
100545770
100538562
100538715
100543504
100543192
100541800
100008577
100541493
100540573
100539796
100550883
100549960
100546891
104911581
100544429
104911651
100544119
100549913
100544430
109368155
100539584
100541801
100538971
100551290
100547153
104912326
100547921
100548074
100547460
100544849
100538975
100541236
100540784
109368844
100550632
100549709
100549095
100540825
100548784
100548630
104913114
100547711
100547094
100546328
100546172
100303685
104913155
100538563
100543443
100543284
100544377
100544695
100546017
104913288
100546937
100550116
100550729
100551346
104913474
100543085
100543506
104913642
100545513
100545822
100549655
100548886
100547201
100542824
100542978
100542668
100548020
100549251
100539853
100539128
100541900
100541133
100549710
100544378
100546331
100547354
100546633
116217471
116217474
100551194
100551038
100550118
100544011
100542826
100543287
100546390
100538565
100550019
100547309
100549403
100549252
109370681
100546998
100549098
100548787
104915544
100544785
100547970
116217642
104916669
100540520
100544168
100543756
104917133
100547155
100548754
100548292
100540474
100542002
100541544
100541850
104917439
104917435
100545717
100547098
100548326
109364187
104917476
100539744
100540938
100542463
100549965
100545718
100545564
100547203
100544641
100545975
100543553
100543399
100538461
100548274
109365382
100544590
100543815
104917548
109365427
104917570
100544798
100542464
109365384
100551196
100550579
100545869
104917623
104909373
100547823
100544329
100543089
100541853
100541697
100539081
104909418
100538774
100550530
100548789
100548635
100547099
100545411
100546991
100547147
100549405
100549558
104909445
104915401
109364139
100539487
109365772
100539592
100542056
100540832
104909492
100550990
100549150
100550684
104909504
100538720
100539185
100538463
100539955
100540264
100542264
100541698
104909524
100549455
100551144
100548995
100550379
100540164
116216385
100544017
100545102
100545255
100550889
100540523
100540679
100550833
100549605
100543291
100547464
100546237
100544539
100544698
100544592
104909615
100543353
100538619
104909641
100549456
109366364
100545154
100549200
100538877
100539030
104909683
104909703
104909688
100542517
104909693
104909694
100543292
100550381
100549306
100540941
100541092
100541397
100542162
100540011
100548791
100547101
100546337
100545872
100540267
100538722
109366110
100547466
100542419
100549458
104909846
100544070
100540059
100550891
100540986
100542833
100541700
100543761
100546491
100546641
100550793
100549103
100539136
100550737
100550276
104909990
100546444
100542988
100545625
100545777
100548727
100548080
100548845
100540478
100546593
100547670
100547361
100544594
100538671
100538517
100549258
100539598
100545315
100544543
100546548
104910140
100548081
100549563
100548537
100541039
100539189
100541809
100541962
100542267
100550076
109363684
100551408
104910172
100542420
100542991
100544229
100546184
100546340
100550795
100549873
100551254
100539652
100551101
100538881
100549664
104910267
100546594
104910274
100538828
100541446
100547780
100547318
100550690
100550844
104910352
100542523
104910376
100546185
104910382
100549972
100540376
100542578
100542270
100544281
100544437
104910418
100547212
104910412
100549107
100549412
100548282
100540430
100539346
100542893
100541660
100541813
100543666
100543822
100543358
100546244
100545476
100547008
100547319
100547931
100543047
100542738
100541352
100538422
104910482
100550642
100538864
100538709
100542818
100544596
100549051
104910502
100550385
100540323
100539549
100541353
100544905
100547675
100548389
100540377
100548694
100549615
100550386
100550997
104910588
100544177
100544021
100549821
100549512
100545522
104910614
100551303
109367245
100549109
109367252
100546342
104910645
100546643
104909253
100544649
104910653
100544491
100543713
100542994
100547161
100303707
104910669
104910670
100541909
104910671
100547260
100550235
100548086
100551304
100539967
100541663
100541509
100541816
100543768
100543148
100544078
100544233
100544708
100546400
100547165
100547783
100547933
100548087
100545057
100540014
100539860
100538472
100544178
104910781
100546495
100549465
100551153
109367578
104910828
104910846
100549054
100544132
116216595
116216596
116216192
100538886
100545322
100543806
100540223
100539912
100538831
100548953
100549975
100549669
104910918
100547010
104910920
104910908
100546553
109367609
100545633
109367617
100547630
104910935
100551360
100539504
104910941
100538731
100539197
100550798
100544808
100544959
100549110
100544236
100547569
100546798
100543305
100546189
100542527
100540068
100539451
100538676
100546599
104910974
100545680
104910981
100544287
104911001
100543206
104911005
100543464
100541298
100542276
100543051
104911015
100539297
100547984
100547678
100548895
100544553
100544864
100545166
109367701
100548901
100551362
100551207
100550900
100547414
100538834
100538678
100539298
100544179
104911088
100541248
100540944
100541556
100550852
100549774
100549211
104911102
100538628
104911106
100547525
100547679
109367754
100546799
100539454
104911138
100540070
100550440
100544811
100544654
100546499
100547572
100549724
100549569
109367821
100540071
100542845
100539761
116216685
104911206
100546649
104911208
100548544
100549621
100539918
100551209
100544084
104911234
104911232
100546249
100546404
100548393
100549316
100539352
100542376
100544025
100547112
100547267
100547837
100549364
104911283
100550748
100551055
100541844
100539763
100540385
100539919
100540695
100540849
100544813
104909205
104911307
100545886
100547268
100549417
100539610
104911327
100538838
100540231
100540696
100543931
100544397
100544867
104911363
104911366
104911367
104911371
100551464
104911398
100549777
100542277
100551260
100546957
109368198
100547114
104911455
100546755
100545582
100545988
100547681
104911485
100547988
100551212
100549828
100549519
100543778
100540232
100540075
100544398
100546406
104911539
100549932
100542430
100540484
100543053
100544757
100545835
100543980
100544289
100544445
100545989
100548548
104911569
100548856
100549779
100540796
109364168
104911598
100543565
100544184
100547768
100544028
100545737
100546504
100547270
100547885
100548190
100548802
100550751
116216184
100550287
104911616
100540388
100543158
100544087
100544399
100546654
100547732
116216842
104911648
100541051
100541358
100551108
100551261
100541973
104911655
100542381
100540281
100542536
109368509
104911657
100545328
104911659
100548038
100546559
109368526
100542128
100542431
104911678
100541515
100541822
100541974
100539485
104911711
100544560
100544244
100542695
100539203
100550803
104911752
100549728
109368588
100546780
100545062
100548857
100548244
100546408
104909317
100541003
104909230
100549011
100550396
100539403
104911888
100542172
100541406
100542636
104911881
104911880
100543253
100544817
104911909
100550445
100549676
100540234
100540077
100542326
100547736
100548041
104911935
100546201
100548346
100544911
100548961
100540284
109368788
100540440
100540903
100543676
100544138
100543832
100540129
100544912
100550139
104911971
100541517
100541824
100542590
100546254
100547018
100549320
100549474
100549627
100550244
100550549
100545022
100551160
104911995
100542018
100541102
100541408
100541561
100542696
100543474
100547330
100548652
104912054
100543834
100541977
100539513
100547528
109368911
100544502
100547833
100539449
100539602
100539911
104912139
100541859
100542009
100542318
100542629
100543246
100540332
100542950
116216923
100539461
100549985
100549369
104912152
104912157
100547020
100547175
100540391
100540854
100541155
100543938
104912188
100546510
723981
100550807
100551421
100538896
109369105
100543784
100543163
100544721
100546100
100547332
100549864
100541826
100544763
104909279
100539667
100539051
100547374
100547684
104912309
100542021
100545644
100544249
100543477
100499427
100546204
100548197
100548044
100542176
100540489
100546304
100546604
100546759
100550399
100542751
100541828
100540909
116216990
100540445
100499425
100550349
104912494
104912430
100548045
100544765
100543988
100546412
100540600
100541520
100541827
100545220
100551268
100548500
100551115
100550502
100548098
100549274
100547531
100547686
100546605
100545375
100543987
100542541
100542079
100539515
100541209
100540755
100540132
100544611
100544766
100546914
100545123
100544821
100546306
104912625
109369420
104912558
104912629
100546513
100546360
100546049
104909223
109369468
100544346
104912596
100547688
104912597
100546968
100540335
100551164
100550705
100546814
100551374
100538846
100539154
100539463
100543320
100545178
100546104
100545948
104912682
100544250
100547996
100548149
100546717
100547586
100550143
100546414
100539716
100539872
100540181
100540955
100542643
100542799
104912720
100543572
100539410
100548711
100539717
104912757
100540649
100541415
100540494
100540338
100541568
100544665
100545745
100547587
100542909
100543531
104912789
100539258
100548811
100551014
100550403
104912803
100550250
100550604
104912834
100538642
100542487
109369637
100545439
109369641
100546665
100550760
109369660
100540497
100541112
100542488
100542957
100543729
104912890
100543575
100544509
104912891
100544667
100547535
100549682
100549836
100546687
100550982
100540549
100550980
100539772
100550917
109364189
100541618
100541771
100545997
100543480
104913006
100543787
100540858
100539465
100538539
100538385
100550762
100548607
104913014
104912965
100544768
100550045
100543376
104912970
104913022
100541829
100541212
100540910
100549582
100549279
100548659
104912983
104912981
100545071
100547895
678662
104912995
104912997
104912999
100542235
100547537
100547692
100549529
104913052
100551068
100539774
104913055
100551271
109369843
116217143
104913058
100548559
100547798
104913063
100545028
104913068
100543633
100541620
100541468
100541313
100541009
100538694
100538540
100540447
100540759
100540911
104909200
104913102
104913113
100379156
100546871
100543856
100551015
100541572
100542029
100543886
100542489
100545127
100545441
100549893
100551016
100550454
100538799
100538952
116217175
100542597
100542754
104913186
100544615
100544770
104913174
100546155
104913179
100550609
100550920
100543686
100539215
100538592
100538747
104913245
100539674
100541832
104913249
100542443
100548764
100548918
100548611
100538387
100538541
100540240
100544879
100541932
100542239
100542391
100541622
100541470
100538388
100551225
104913292
100549126
100550150
100550301
104913295
100547029
100547645
100546723
116217220
100539777
116217222
100539623
104913318
100548306
100544772
100546157
100545537
100544996
104913340
104913465
100547340
100545185
100547031
109370194
100543947
104909232
100542087
104913475
100550768
100549997
100549690
100549844
104913375
104913376
100548002
116217239
100547079
104913388
100543844
100544619
100544150
100547541
100541724
104913392
100547078
100540187
100540034
100539569
104913395
100542805
104913399
100539878
100548869
100542491
100549328
100543993
100544618
104913412
100541677
100541527
109370236
104913415
104913416
100539986
100539675
116217245
100539832
100538905
100303677
100549894
100549739
100549281
104913432
100548050
104913443
100545032
100541163
100546112
104913506
100538646
100539879
100542032
104913546
100544775
100545695
100548308
100546315
109370281
104913530
100550153
100539163
100539471
100541165
100538855
100539007
100542394
100543425
100543578
100544512
100546820
100550355
104913547
100549586
100538906
100549740
100541936
100541626
100546573
100538440
100551273
100543846
100542140
100540764
100548819
104913573
104913575
100545499
100544730
100543638
100543794
100542395
109370376
100542865
723983
100551274
100550662
100541277
100542045
100538455
100540766
116217284
100541375
104913641
104913643
100545850
100547130
100549999
100549078
100548207
100546229
100551384
100538392
100538546
100542447
100542916
100545081
100546270
100549792
100549638
104913677
100550254
100541989
100540189
100543693
100544310
100543849
104913682
100543999
100541376
109370490
100545851
100547698
100549693
100548923
100550771
100551385
100549384
100538857
100540090
100544671
100550307
100550927
100548511
116217316
100538702
100550511
100547903
100547132
100546367
100543426
100545751
100545130
100545444
104913775
104913777
100542339
100544199
104913791
104913782
104913794
100546057
100538910
100538598
100551275
100544673
100542808
100547236
100538703
100542091
100542245
100542397
100543021
100543176
100543489
104913843
100543796
100540715
100542554
100542246
100540248
104909294
104913882
104913847
100550817
100549899
100550053
100549744
100545904
100546058
100544516
100547751
100542963
100542190
100541884
100538647
100134843
100540504
100538493
100551330
100550255
100545809
116217346
109370652
100548718
100548514
100548823
100548978
100548211
104913954
100546978
100543178
116217360
100550409
100550256
100549794
104913936
104913950
100549413
100544269
100551078
100549591
100540869
100542036
100544359
100542964
100544202
100550971
100548364
100547906
100548670
104914002
100541425
100547854
100543583
100544834
100544519
104914039
100543385
100539838
100539375
100540770
100539681
100548825
100548671
100549593
100547442
100539884
100538920
100543850
100547908
100548213
104914116
100547191
104914160
104914140
104914146
109370871
100539223
104914154
100550005
100548926
100548462
100548007
100546318
100543073
104914190
104914189
100538958
100549949
100544372
100548681
664712
100543181
100549950
100539886
100551390
100538399
100550776
104914229
100544887
100547498
100547652
100542716
100551361
100538988
100546690
100546537
100545616
104914249
100547918
100541026
100538405
100541539
104914259
104914258
100539014
104914261
100540562
104914266
100542966
100541327
104914282
104914281
100545702
100546007
104914293
100542297
100540772
100540459
100539377
100539068
100539840
100538496
116216170
116217435
100548112
100549698
100550312
100548773
100548927
100547856
100543074
100543852
100540304
100539995
100550932
100541475
100542765
100543229
104914383
100547861
100544934
100545549
100540352
100540043
100550259
100542657
100546525
100543586
104909347
100551182
104914401
100541551
100541857
104914412
109371034
109371036
104914407
100549394
100539269
100538962
104914430
100539888
100548835
104914436
104914438
100542040
100539378
100539069
100551128
100550974
100548827
100548367
100548062
109371059
100545712
100545660
100151696
100550823
104914480
100541637
100547140
100541790
100543644
104914517
100539685
104914524
100550724
100545297
100544208
100544053
100543494
116217475
100540306
100540775
100547759
100550976
104914561
100538603
100543495
100542561
100539844
100546735
100547811
100548114
100548571
100551188
100538653
100539786
100549646
100538499
100550415
100551336
100548521
104914611
100546221
104914613
100550060
104914616
100547296
100544366
104914621
104914632
100541175
100542406
100540563
100541484
100550672
100550366
100550214
100550825
100551283
109363710
100539172
100551441
100543434
100546222
100542877
104914674
100545141
109363716
100542721
100542563
100545766
100544209
104914685
100550959
104914687
100545917
100538809
100549297
100543648
100544992
100544841
100543230
104914712
100548928
109363744
100550568
100540818
100551338
100551491
104915565
100541429
100551437
100538450
100543589
100544686
100544993
100545143
104914746
100545301
100545611
104914784
104914814
104914827
100541384
100126248
100542453
104914854
100546320
104914923
104914927
104914928
100543805
104914984
100544581
104914988
104914992
100548572
104915029
100540046
100541734
104915066
100544370
100544529
100545612
104915105
100548623
104915147
100550009
100541891
104915203
100544995
100545145
100548221
100549908
104915277
100550521
100551132
100541230
116217552
104915317
100545551
100546622
104915348
100547241
104915359
104915364
100549242
104915379
104915380
104915594
100541369
109364275
100541600
100542302
100542455
104915699
104915713
104915719
104915774
100539384
100543187
104915791
100543343
109364380
104915819
104915823
100549240
100547503
100551085
104915859
104915861
104915862
100550676
100550829
100544583
100550473
109364438
100548933
104915927
104915930
104915931
100542044
104915954
104915967
100539974
100547813
100539849
100547453
104916043
100548070
100550167
104916088
104916155
109364594
104916165
104916190
104916204
104916205
100550011
104916241
109364623
100541807
100540579
100540736
100539084
100541345
692134
100544483
104916256
104916258
654833
104916296
104916307
104916325
104916355
104916358
104916366
104916439
104916441
104916473
104916528
104909231
104916672
100548591
100538992
104916715
104916720
100549146
104916733
100546993
100547149
100546011
104916842
100540780
100550981
104916864
104916874
104916886
100538922
104916907
100550782
100550627
104916916
104916929
100549034
100548881
100538921
100547244
104917002
104917012
104917024
100543438
104917102
100545196
104917114
104917149
104917156
104917160
100541596
100550430
100547927
100547777
100547622
104917198
109365169
100543044
100545663
100539656
109365183
109365195
100541693
tRNA-Gly
tRNA-Glu
