100542486
100540030
100541049
104915886
100538580
100549470
100550142
100545467
100539044
100550534
100541305
100546703
100541438
104912850
100550313
100543618
100550031
100546094
100540375
100547478
100544480
100539798
100551334
100547858
100549888
104910079
100550588
100542569
100538717
100542850
100547727
104910933
100542119
100542962
100546716
100125332
100550337
100544500
100547710
100548130
100544852
100541241
100543065
100543971
100543267
100544554
100543082
100540846
100549901
100545390
100540894
100550577
100545727
100549408
109364408
100548405
104911125
100544251
100540051
100549468
100545047
100550879
104913863
109367653
104915097
100545460
100550993
100538930
104913251
100302597
100543222
100549230
100551067
100550659
100542651
100546739
104913371
100549919
100543083
100549977
100550304
100551243
100303691
100538497
100546738
100542710
100543596
100546909
100538759
104911260
100545063
100551022
100548403
100543205
100538907
100545438
100550575
100544111
100542840
100539045
100541713
100541362
100541791
100547416
100547513
100540601
100545426
100549769
100543566
100549838
100543435
100539982
104914328
100545875
100549053
100545350
100544647
109367205
100547172
100544130
100548247
100540146
100538732
100540885
100541594
100547651
100539741
100541348
100544151
100544101
100548370
104914218
100549416
100543710
100543911
100547105
100538660
104917517
100544395
100546394
100547807
104912356
100543813
100549634
100541002
100538701
109367434
100542675
100548073
104909977
100544672
104914120
100549484
100546827
100549265
100546770
100551233
100547626
100538858
100550022
100540044
100543010
100542023
100544379
100550306
100547713
116216807
104917388
100545267
100547264
104915112
100547864
100541778
100549503
100547311
100547331
100543879
100542640
100544396
100541400
100546409
100551142
100546727
104913170
100546601
100540513
100546983
100539965
100550407
100545601
100548448
100544280
100546334
100540294
100546453
104913173
100544090
100538763
104910293
100544565
100538575
100541611
100549822
104912641
100549952
100539268
100550591
100538629
100550471
100547998
109363946
100551165
100302587
100542186
100547433
100544771
100543052
100539893
100544764
100540246
100540202
100551431
100538796
100540631
104912103
100551234
104914657
100545401
100540210
100540093
100549564
100545871
100549958
100542115
100548750
100545376
104913527
100540603
100303690
100551048
100545924
100539340
100548019
100539720
100549815
100545103
100545865
100549362
100540446
100545765
100551399
104913805
100550573
100545568
100547634
100539714
104917107
100546790
104910473
100551310
100545252
100541398
100538400
100550461
100542875
100543001
100542940
100544928
100546454
104914974
100544890
100548258
100543373
100550103
100541012
100542823
100550082
100544537
100545546
104911801
100548117
100545622
100540219
100538586
100544040
100539823
100544751
100551417
104914505
109369884
104915906
100550538
100540487
100542050
100545516
100550401
100546982
100539411
100545798
100541216
100544255
100548624
100541134
100546879
104912068
104909367
104909648
100550203
104914399
100548516
100542996
100541569
100538698
109368929
100545342
100545503
100542821
100546262
100542624
100539146
100538929
100540826
100540295
100549942
100550037
104912216
100540351
100548404
100539089
100548350
100550091
100547223
100540733
104914774
100539072
100545371
100546947
100549598
100546627
100549003
100550698
100547156
100550722
100541118
109368822
104911696
100549125
100550641
100546844
100540632
100546722
100542688
100539770
104912186
100548378
100548204
100550766
104914604
100546133
100542240
100548085
100547942
100542904
109365067
100547393
100539512
100545404
100539117
100538495
100543657
100549219
100544616
100541676
100548859
100551364
100546706
100544793
100540442
100544932
104909219
100545569
104912248
100547956
100540218
100543430
100547426
100547298
100544804
100548459
100549175
100538437
104912776
100547023
100550122
100542644
100545901
100539570
104915174
100549840
100545325
100540972
100542676
104909395
100549171
104914471
100540199
100543939
100538998
100550453
100544412
100546829
100545135
104910765
104911784
100548090
100542095
100545743
104913487
100547204
100542858
100545944
100551169
100551436
104909224
100547259
LOC104916498
100544559
100543791
100548715
100546544
104912643
104910452
100548230
100541897
100540650
104913032
100550105
104911991
100543521
100550925
100548741
100547032
100550859
100547575
100539560
100546215
100546415
100545112
100543689
100548140
104909747
100542309
100546129
100542347
100549371
100548278
100547573
100545608
100545887
100541005
100544204
100545565
100541421
104911227
100545909
100538830
100542157
100538735
116216271
100544345
100544300
100546590
100541764
100547462
104912556
100539545
100550088
100546182
100543377
100540172
LOC104909385
100548852
100545883
100545584
100542800
100538969
100549239
100541312
100546830
100545144
100547928
100547228
100539902
100541815
100542747
100544192
104913896
100540291
100546107
100549165
104915621
100538982
100544012
100548677
100549430
104916530
104911729
100542946
104914462
104914966
100539315
104912993
100540350
100542123
100541836
100538589
100548636
104914824
100541840
100548411
100545126
100538888
100544334
104911083
100541606
100546721
100550898
100546943
104909314
100538723
100548046
100542856
109363780
100545722
100545643
100543032
104915049
100547139
100551252
100543690
104916581
100547037
100540968
104910826
100539925
100550720
100543946
100548674
100539206
104913347
100539606
100539524
104915165
100545303
100546552
100539502
100546916
100542943
100542570
100546956
100551291
100550081
100541612
100544514
100542661
100549672
104911507
100543290
100547323
100548379
100551319
100542082
104915334
100543272
100551019
116217135
100543793
100548310
100540292
100547583
100549751
100546869
100542510
100544362
100547385
100539101
100541371
100545208
100540109
100544978
100548285
100543984
100539576
100544471
100547182
100542129
100538842
100543868
100550182
100541545
100548612
100543471
100548999
100543617
100541322
100544972
100548353
100550645
100538574
100541265
100544726
100542017
100548137
100541122
100547158
100550931
100546868
100550291
100548103
100550476
100539122
100538771
100543516
100549776
100544302
100546698
100549938
100540151
100550520
100548796
104916112
100544523
100544024
100545109
100549730
100543895
100545637
100540996
100549282
100549207
100546749
104917009
100549018
100546666
100548982
100547134
100550447
100547660
100538755
104909554
100549560
100548778
109369994
104909762
104910361
100541020
100548969
100542278
100550008
100543519
104909896
104911699
104911565
104916040
100549630
100551428
104913356
100551032
100545056
100544857
100543248
100545560
100549256
100545805
100539032
104914869
100544436
100548380
100545999
100539903
100545826
100542055
100546241
100540629
100541201
100539398
100543976
104915302
100547047
100548206
100547568
100546769
100549754
104914537
104912336
100540477
100539458
104912283
100545198
104913369
100541566
100551240
LOC100549337
100539358
100550710
100541481
104916999
100542074
100544679
100539369
100542854
100539701
100546431
100545674
100542413
100550553
100541169
100543126
104917050
104910103
100548645
100542514
100549941
104912649
100548156
100541405
100539241
100543210
100541752
100545218
100538851
100540613
100549180
104913864
100542665
100544487
100543845
100545884
100544413
100545966
104912436
100543534
100542196
100549733
100548717
100550352
104916309
100548701
100543218
104914485
100541709
100538803
100547375
100550191
100543303
100542617
100548970
100543859
116217317
100540859
104915293
104913522
100545007
100550353
100544809
100544949
100540500
100542312
100540817
100548910
100544971
100543792
100541334
100547173
100547163
100548333
100546456
100539254
100545052
100549651
100544313
100545124
100550679
100549497
100541063
100538810
100542262
100548779
100546356
100538737
100545136
100550866
100539104
100548638
104909786
100539299
100550077
104914356
100543013
100538427
100550207
100544193
100540354
100550002
100539981
104914099
100545312
100549264
104912926
100539094
116216196
100546186
100545506
100544400
100542873
104916647
100539732
100544622
104912333
100538914
100544349
100549439
104914677
100550561
104915088
100545799
100539668
100543800
100549548
100544386
104911671
100550231
100547612
100550969
100539908
100544306
100542601
100538431
100541552
100542362
100544026
100548893
100545591
104911090
100539145
104914625
100551341
100543014
104912584
100549940
100540666
100548243
100544499
100541688
100543625
100548885
104912814
100539407
100546256
100545413
104911000
100544282
100546765
100544507
100546054
100548286
100544790
100542501
100545223
100545519
LOC109365866
100542933
100549624
100549319
100544858
100542868
100547072
104916214
100538714
100547637
100540361
104916523
100544951
100548012
100543922
100547299
104909821
104911460
100539835
104913448
100540524
104913645
100549174
100545693
100545542
100543885
100542331
100541609
100539655
100540697
100542234
104913728
100545259
100539415
100545523
100550221
100540788
100546082
100547289
109363773
100541880
100546841
100539317
100549957
104912602
104915122
100544535
104913962
100548263
100549525
100542619
104915342
100550928
100543132
100545484
104917279
109370509
100544826
100539184
109369459
100550134
104911865
100538805
104914461
104911765
100546013
104912957
100543301
100539939
100550257
100539749
100543228
100545486
100546715
100547695
100548705
100551066
100550752
100548235
100546016
100551167
100538968
100543671
100547154
100539337
109368564
100549270
100541706
100547027
100544521
100542884
100545984
100540263
100544190
100538743
100542071
100541747
100548111
100542284
100548687
100543411
100545525
100539253
100539527
104915217
100540668
100544308
100545014
100547709
100548558
100542204
100540463
109366837
100546848
100545491
100543905
104911118
100545782
100543809
100549228
100542236
100543466
100549197
100543227
100542054
100542802
100541776
100541442
100546316
100546889
100551465
100548475
100546878
100550756
100538925
100543873
100542317
100540532
100546348
100546059
100544009
104913451
100539459
100541403
100542182
100542682
100549116
100538487
100539300
100548104
104909755
104909606
100544623
100541738
100543172
104910917
100541908
100546784
100546800
100541080
100542538
104916661
100545331
116216524
100548005
100551147
100542810
100549448
100540400
100541956
100539226
100540702
100549850
100541176
100545019
100542715
100544387
100540272
104910967
100544648
100544880
100550456
100545074
100542880
100547441
100538465
100549402
100539640
100542175
100547100
100538726
100541439
116217806
100542027
100541805
100545946
100538870
100549263
100549927
100539927
100544655
100550875
100547847
100546437
100549224
100542573
100538835
100542479
100541377
104911989
100543346
100550512
100539571
100546350
100544617
100546945
100551450
104915111
100544797
100549736
100546154
100539937
100541727
100542568
100548053
104910682
100542941
116216981
104913472
100545092
100539200
100547812
100551018
100539167
104910817
100547125
100547272
100551316
100539494
100547789
100551407
100541636
100538695
100546381
104909515
100543239
100542411
100547490
100547738
100549346
104917194
100548897
100545410
100538873
100549738
100540665
104914739
104914865
100546376
100545151
100545934
100549502
100545807
104915108
104914357
100538719
100548698
100539000
100549566
100547770
100548816
104914734
100545027
100546486
100547548
100548522
100543717
100538859
100545311
100550999
100550712
100543414
100549153
100544945
100539518
100545257
100542332
100545715
100540900
100539949
100546557
100546119
100546866
100546060
100549517
100546300
100547560
100549654
100541861
104909315
100548057
100546915
100545316
100544734
100541634
100547950
100539424
104909258
100544697
100549994
100550857
100548535
104915037
104913765
109364694
100540448
100547735
100549650
104910834
100546245
100550506
100545747
100541674
100544722
104912143
100542815
104909479
100540213
104914290
100546260
100542019
100544650
100549132
100549469
100542757
100546264
100550151
100548709
100548644
100545256
100545117
100545880
100540908
100544475
100542249
100549080
104911394
100549233
100549897
100544180
100546200
104913494
100546033
104914874
100547341
100543607
100545385
100539481
100543585
104914263
104911814
100548095
100550161
100544261
100541649
100543259
100548531
104915284
100540949
100551293
104916259
100542474
100539647
100538826
100546534
100546089
104909631
100549491
104914589
104909456
104914689
104909735
100545713
100539027
100551298
100549496
100541896
100542532
100548363
100549008
100545990
100549124
100551389
100550180
100549691
100545977
100547962
100546861
100547646
116217478
100539641
100549335
100548069
100539042
109364719
100543699
100551215
100542518
100550784
100539874
100543560
100538394
104917271
100545096
100539078
100547338
104909782
109365936
100543140
100539440
LOC104916430
100546433
100551173
100545289
100541911
100548540
100550199
100548253
100539338
104917573
100538622
100539565
100539462
100542516
100541222
100547475
100543371
100541589
100539095
100543702
100540608
100548167
100547381
116216802
116217040
100546900
100546515
100545205
100550140
100548664
100551005
104909642
104909304
100541875
100548399
100547422
104914744
100547392
100541004
100541746
100544794
100543799
100542535
100544141
100542197
104914456
100546832
104913833
100544335
100545067
100543357
100544013
100541570
104909982
109370171
104913203
100546644
104910198
104911345
100544666
100544533
116217201
100541922
104909978
100543048
104912791
100538490
100549584
100543212
104915144
100540387
100547594
100548018
104912701
100549016
100547747
100541530
100546885
100541585
100550913
100542143
100544223
100538398
100548377
100547578
100543783
100542746
100549373
100548006
100540192
104910414
100538442
5848005
100542603
100547202
100550187
104914516
100546211
100542247
100543116
100540963
104911236
104916509
100538861
100542604
100543215
100540542
104914630
100546862
104912243
104912747
100547052
100548686
100542386
100539532
100546767
109366356
100538530
100540095
100546403
100541728
100542315
116217408
100545023
100541782
100540184
100544164
100549387
100546704
100543029
100540517
104910018
100545010
100544926
100549135
100539057
104909942
100550392
100545248
100540779
100549143
100548950
100551351
100540790
100545687
100551037
100550681
100543604
100540744
100542225
100544859
100539599
104912175
100540230
116216922
100540444
104915054
104910999
100539421
100541056
100541969
104911631
100546740
100548304
100544958
104915278
100549048
100541473
100542065
100542266
100550016
100544035
100546536
100545358
100545697
100544843
100545379
100549819
104914651
100540807
100549753
104911289
116216901
100544800
100550267
100541740
100548383
100539534
100550652
100546130
100545226
100542255
100548273
100551143
100545157
100544873
100539240
100543557
100550237
100544933
104911521
100539722
100549151
104913784
104912673
100544041
100547038
100547148
100542429
104910796
104912912
100545464
100548487
100543427
109367474
100550775
104917099
100541849
104914978
100545107
100544910
104913884
100542265
100539210
100547476
100539627
104910185
100544898
100543262
100544609
104915124
100539349
100544562
100542374
100550623
100542781
104912840
100548468
100550251
100543552
100540501
100550477
104914605
104916525
100551095
100548824
100543811
100540700
100544988
100542574
100541089
100546401
100550533
104916602
100547294
100549906
104914215
100541547
104915035
100548246
100551447
104913057
100542505
100539944
104910668
100544222
100542189
100544778
100546567
100544786
100540384
100545296
100551039
100546295
109369698
104917180
100548315
100549493
100540660
100546002
104911723
100547051
100543381
104917417
100546638
104915160
100550988
100541367
100540465
100543153
100548854
100549647
109367982
100542209
100549352
109363911
100548442
100544955
100544147
104914890
100539561
100542852
100544712
100547224
100543154
100547787
100548545
116217255
104914094
104912987
104910078
100548232
109370122
104911139
100548166
109366058
100546443
100546198
100541870
100543670
100544187
100542924
100303675
100542031
104917495
100546050
100540258
100543840
100544637
100547954
100545346
100549925
104911095
100548175
104910709
100551096
100543024
5848012
100539594
104916286
100546193
116217097
100543275
100544220
100538839
100550023
100546024
100551111
100551272
109368803
100544213
116216698
100539775
104912583
100539291
104914810
100551352
100543528
100546685
100547730
100541591
100543529
100551122
100543891
100541673
100549423
100540543
100548251
100546834
100550814
100545649
100542296
104911278
100543878
100551013
104914117
100542921
100550281
100541435
104911750
100541417
100547696
104910121
104912160
100547725
100541521
100539441
104914881
100541320
100538466
100549119
100550864
100551140
100542241
100540636
100539733
100550805
100540675
100544718
100551427
100543708
104909215
100548873
109364965
100547104
100549277
100551269
100542038
104909413
116216672
104913305
100549532
100542835
104910080
100543420
100548769
100547419
100550248
100544914
100539670
100551300
100544174
100540594
100543076
100543242
100541605
100549325
104911843
104911683
104916656
116217477
100549946
104913374
100544578
104917499
104914768
100547225
100538687
100542492
104913398
100542871
100540728
100542242
104914975
100541743
100539393
104914185
100547991
104909457
100540654
100548595
100538594
100546225
100539941
100544981
104916163
100545991
100542755
100549824
100539578
100547286
104911650
100542625
100544350
100542577
104911669
100541554
104909883
104912931
104910729
100544925
100543711
100546939
100546661
100546849
104914722
100540424
104917433
100545614
104912943
100544417
100549546
100539978
109367454
104915372
100542809
100541330
104911550
100541474
109367981
100542354
100541757
109364276
104916228
104914009
100546659
100547160
100545548
100541266
100548653
100539811
104917427
100547064
100538943
100550236
104911168
104909254
100543011
100546796
100539910
LOC116216740
100541839
109368620
100541951
100539987
104916622
100549382
104916527
100545728
109364182
100542012
100541661
104913881
100547049
100541781
100540740
100544517
100539854
100541101
100542372
100539064
100542454
104914811
100547668
100545483
692129
100541156
100548710
109367417
104914690
100541427
100547673
100548348
100540672
104912422
109367636
104912347
100541233
100540730
100541315
104912633
100542985
100539233
100550706
104913877
100547872
100539581
100543917
100547870
100543570
100551267
100551415
100550901
100540984
100541686
100541283
116217136
100546162
100551434
100542960
100540901
100545283
104913988
100541733
100544401
100547663
100541843
100544845
100550552
109367868
100542037
5848011
100538848
100538460
100539271
104912213
100538368
100549787
100551312
100547840
100549891
100548584
100550238
100550621
100543286
100546448
100540662
100550979
104911492
100544441
100545088
100547505
100550683
104913183
104909491
104917562
100544476
100544629
100548640
100541161
100545996
100539964
100543780
100543735
100550074
100548482
100542388
100550052
100549353
100540016
100547516
104913944
104913760
100541306
100546488
100550711
104914188
100543270
100550378
100539425
104914955
100548573
100542434
116216162
104910869
104916783
100546980
100550241
100547489
100544838
104917426
100545594
104914725
104912477
100550163
100542704
100543714
100542690
100548158
100546618
100544183
104916646
100549212
100543416
100543468
100543614
104914897
100550617
100545005
100546019
100546860
100538572
100550330
100544974
100543600
100550687
104913632
100551342
100548430
100549683
100539719
100540327
100546981
100547550
100538775
100550639
104914137
100549334
104913020
100549843
100544720
100546865
100545152
100550158
100540255
100546065
100543112
100541350
100543442
100544228
100546626
104912135
100551163
100542110
100540450
104909672
100538560
100549890
100548264
100539195
104916386
100541745
100549791
104916143
116217624
104917190
100542311
104913019
100541037
100540860
104913013
100540471
100541096
100546612
100551145
100543558
100547588
109364668
100548227
100540887
100539768
100544717
104912683
100541195
104914105
100544767
100544440
104910327
104910253
100547643
100549261
100539567
100543522
100550918
104913723
104911051
100547666
100543328
100541073
100548541
100539316
100546924
100541441
100545160
100547852
100550354
100543282
104914750
104912573
100538579
109364636
100544201
100548744
100542902
109364683
100543062
100540056
100540716
100546470
100538977
100545425
100547352
100549989
100551047
100540299
100543340
104914787
100545669
100545489
100550744
100547585
100550258
100540546
100540422
100547509
104912514
109366717
100551195
104917601
100547229
104914585
100549538
104912855
100545008
100542557
104910572
100543989
100539070
5848002
100543742
100550172
100547097
100541249
100547263
100551322
100550550
100546805
100542020
100545654
104910694
100541846
104912400
100541302
100548580
104912363
100540801
100540420
100545502
100545760
100547207
104917218
100550510
104909837
100549348
100541434
100543352
104910852
109364868
100548601
100544238
116217090
104912696
100539090
100549446
100547994
100541741
100538999
100546425
100545082
100542702
100548985
104914743
100551270
100548597
100546181
104909943
100539821
100549443
100547406
104910480
100545685
104912501
104915089
104916911
100545520
100541184
100540929
100550485
104913117
100549179
100544937
116217137
100541662
100542693
109370800
100539689
100540625
104914378
100543369
100551297
100548309
104909458
104917432
104913787
104912951
100543817
100550202
100541331
100547017
100545059
100549099
100547122
104916608
100540084
100549010
100549790
100543755
100540050
104912048
100540705
100543310
100542592
100540437
100550686
104914745
100541924
100550519
100548152
104909652
104911425
109366087
100539802
104915115
100545340
100539389
100539433
100547599
100549232
100547654
LOC104915398
100548974
104915877
104913212
104915515
104913873
116216366
100550044
100540475
100540948
100543824
100547723
100549122
100545755
104910938
100543423
100546966
104909233
100541301
100543155
100548808
100547372
100539917
100547849
100540835
104909664
100550047
104915542
100544206
104914606
LOC109364429
104914510
100547187
100540363
104909424
100544110
100548472
100547839
100539002
100547557
104912270
100541574
100541404
100542218
100548342
104914860
104911778
104914527
100545981
100549152
100548354
100545774
100545345
100542361
100540024
100540499
104912610
100548225
100547181
100541506
100543375
100547774
104917134
100549948
100550285
104915030
104913949
100540297
100543926
100547992
100546614
104916890
100549813
100541963
100546586
100540229
104909397
100548894
104913373
100538561
104917061
100550731
100550063
100548981
100538940
100538404
104911131
100545808
100539664
100126249
100542349
100547233
104914045
100545963
104914056
100541000
100543535
100545041
100550794
100545771
100538481
100539114
100544504
100545688
