Sample	0	1	2	3	4	5	6	7	8	9	10	11	12	13	14	15
I_12hrsS1_Data1	(1.0, 23.144507071916106)	(2.0, 12.296389844802164)	(3.0, 7.3390772695890725)	(4.0, 4.890897298511787)	(5.0, 3.6274663928902937)	(6.0, 2.7191956220218185)	(7.0, 2.206882209827808)	(8.0, 1.8707890583426998)	(9.0, 1.6172327601310297)	('>10', 17.528727039802664)	('>50', 5.314498527847011)	('>100', 10.478467636427492)	('>500', 3.4246251285407863)	('>1k', 3.165568399929385)	('>5k', 0.3756757394199324)	('>10k+', 0.0)
I_12hrsS1_Data2	(1.0, 23.682742952409953)	(2.0, 12.058035588582893)	(3.0, 7.673829099051859)	(4.0, 5.159678963774043)	(5.0, 3.685347270757928)	(6.0, 2.832699556677817)	(7.0, 2.324098422209429)	(8.0, 1.803896394354222)	(9.0, 1.5981712071806522)	('>10', 16.612330321678254)	('>50', 4.9555406297078)	('>100', 10.34042520949197)	('>500', 3.48969483472662)	('>1k', 3.2374223836915412)	('>5k', 0.37377282781132964)	('>10k+', 0.17231433789374917)
I_12hrsS3_Data1	(1.0, 23.861298832986417)	(2.0, 12.44654510528922)	(3.0, 7.4433602753166035)	(4.0, 5.044123236749664)	(5.0, 3.622436578673808)	(6.0, 2.7200446282052324)	(7.0, 2.2396528969058)	(8.0, 1.82025495328941)	(9.0, 1.5221356970872462)	('>10', 17.26605909723789)	('>50', 5.355785371478537)	('>100', 10.177678089034409)	('>500', 3.2116452733817207)	('>1k', 2.9574799962335674)	('>5k', 0.3114999681304184)	('>10k+', 0.0)
I_12hrsS3_Data2	(1.0, 23.345018499452483)	(2.0, 12.39099046939419)	(3.0, 7.766736953608547)	(4.0, 5.33478236117294)	(5.0, 3.7767564993713645)	(6.0, 2.8058431638663084)	(7.0, 2.2564938096874227)	(8.0, 1.9650056176912696)	(9.0, 1.5145126303282361)	('>10', 16.722531189665023)	('>50', 4.959781507045475)	('>100', 10.352765358539745)	('>500', 3.340964695157859)	('>1k', 3.117927603336112)	('>5k', 0.26306973115209853)	('>10k+', 0.08681991053089817)
I_24hrsS1_Data1	(1.0, 23.10619252019841)	(2.0, 12.467226883473273)	(3.0, 7.644037222389372)	(4.0, 5.217437587195546)	(5.0, 3.8104078532689516)	(6.0, 2.9589952450675274)	(7.0, 2.301817760890661)	(8.0, 2.014765012703548)	(9.0, 1.639398929379892)	('>10', 18.1428195422253)	('>50', 4.9712416424729255)	('>100', 9.614990898655265)	('>500', 2.957002831545242)	('>1k', 2.827749148362952)	('>5k', 0.26514395934728646)	('>10k+', 0.06077296282374903)
I_24hrsS1_Data2	(1.0, 24.863075634612965)	(2.0, 12.579891036109503)	(3.0, 7.829452240091923)	(4.0, 5.361602310756035)	(5.0, 3.8823465906839036)	(6.0, 2.963591550153955)	(7.0, 2.3409798682902645)	(8.0, 1.9968306892190308)	(9.0, 1.6611768733806553)	('>10', 16.58893117936374)	('>50', 4.620593777064916)	('>100', 9.252173611414356)	('>500', 2.820192511649231)	('>1k', 2.8280342157477794)	('>5k', 0.2628186543524012)	('>10k+', 0.14830925710935816)
I_24hrsS2_Data1	(1.0, 24.11720251227193)	(2.0, 12.658366312876812)	(3.0, 7.657590087342669)	(4.0, 5.054509583215267)	(5.0, 3.787845399405125)	(6.0, 2.9085095612421257)	(7.0, 2.3191591774685616)	(8.0, 1.924684614131384)	(9.0, 1.6322631462191914)	('>10', 17.66883184916578)	('>50', 5.067709003819548)	('>100', 9.482175581082403)	('>500', 2.8191375163927725)	('>1k', 2.601370335221145)	('>5k', 0.300645320145186)	('>10k+', 0.0)
I_24hrsS2_Data2	(1.0, 25.229520713594532)	(2.0, 12.604277904157396)	(3.0, 7.953900721882729)	(4.0, 5.323917749828609)	(5.0, 3.8011735992507227)	(6.0, 2.931634317854329)	(7.0, 2.3629822957042643)	(8.0, 1.898778052838384)	(9.0, 1.5890297167788823)	('>10', 16.570327457044232)	('>50', 4.6679596207803025)	('>100', 9.487383680922907)	('>500', 2.679430153749612)	('>1k', 2.5871835096860116)	('>5k', 0.23489705309662112)	('>10k+', 0.07760345283035866)
I_24hrsS3_Data1	(1.0, 24.13819191431617)	(2.0, 12.59222327675847)	(3.0, 7.737591339092603)	(4.0, 5.107451567710234)	(5.0, 3.7618351481924703)	(6.0, 2.8737735791014107)	(7.0, 2.3193629912472145)	(8.0, 1.8929710148276495)	(9.0, 1.68610619749017)	('>10', 17.657365445083038)	('>50', 4.940943651903733)	('>100', 9.387807580240432)	('>500', 2.8484239594155283)	('>1k', 2.7253263068729914)	('>5k', 0.33062602774788447)	('>10k+', 0.0)
I_24hrsS3_Data2	(1.0, 25.859958676203586)	(2.0, 12.70348645972677)	(3.0, 7.950521297722074)	(4.0, 5.2543631844129335)	(5.0, 3.9189252377178305)	(6.0, 2.919955628163229)	(7.0, 2.272759169675502)	(8.0, 1.944084209663726)	(9.0, 1.5551026399292078)	('>10', 16.1057205106183)	('>50', 4.678355990300729)	('>100', 9.059365140701122)	('>500', 2.7339618290869385)	('>1k', 2.672568199410615)	('>5k', 0.2212094959989288)	('>10k+', 0.1496623306684092)
I_4hrsS1_Data1	(1.0, 23.345457065208304)	(2.0, 12.146634684327996)	(3.0, 7.132721422063875)	(4.0, 4.825376090002073)	(5.0, 3.5023161983751128)	(6.0, 2.6893388623636763)	(7.0, 2.1886628805211745)	(8.0, 1.7461788946784973)	(9.0, 1.5537195302309155)	('>10', 17.078490037301822)	('>50', 5.450559851744389)	('>100', 11.160292970698288)	('>500', 3.4185324042634475)	('>1k', 3.343023729904443)	('>5k', 0.41869537831603665)	('>10k+', 0.0)
I_4hrsS1_Data2	(1.0, 23.535186374424182)	(2.0, 11.873061943839051)	(3.0, 7.446920340113092)	(4.0, 5.056025360624262)	(5.0, 3.6271664099961645)	(6.0, 2.645680053554064)	(7.0, 2.224313936691406)	(8.0, 1.807569818700929)	(9.0, 1.450610420424271)	('>10', 16.16791952180254)	('>50', 5.307260312612718)	('>100', 11.39277619331529)	('>500', 3.823334274106469)	('>1k', 3.25020275797702)	('>5k', 0.3135867903832862)	('>10k+', 0.07838549143537615)
I_4hrsS2_Data1	(1.0, 24.647356411994426)	(2.0, 12.570992873972072)	(3.0, 7.416230688288724)	(4.0, 4.973159676455899)	(5.0, 3.592477833898721)	(6.0, 2.791169096410667)	(7.0, 2.1850731049761527)	(8.0, 1.7718578673747085)	(9.0, 1.5384923226253213)	('>10', 16.582932803179144)	('>50', 4.860338549118897)	('>100', 9.721783352967007)	('>500', 3.355702042650608)	('>1k', 3.429946609652072)	('>5k', 0.4967185050592744)	('>10k+', 0.06576826137636368)
I_4hrsS2_Data2	(1.0, 25.50601037988262)	(2.0, 12.725274204625702)	(3.0, 7.775765249887037)	(4.0, 5.278439692947853)	(5.0, 3.7337987616153923)	(6.0, 2.872490434944014)	(7.0, 2.2088162451935442)	(8.0, 1.762575001256544)	(9.0, 1.5351750645588378)	('>10', 14.996706464079152)	('>50', 4.45982710602647)	('>100', 9.617757136413445)	('>500', 3.351463178034215)	('>1k', 3.545685700561727)	('>5k', 0.4614629655264208)	('>10k+', 0.16875241444718872)
I_4hrsS3_Data1	(1.0, 23.409906339858658)	(2.0, 12.035836783548426)	(3.0, 7.206542328269054)	(4.0, 5.009595280885175)	(5.0, 3.6333286292602853)	(6.0, 2.5954440936603955)	(7.0, 2.053350588066426)	(8.0, 1.794347937156289)	(9.0, 1.5161717334182234)	('>10', 16.082167571628133)	('>50', 4.938197160111397)	('>100', 10.390748177376793)	('>500', 4.036595056999163)	('>1k', 4.589277646584463)	('>5k', 0.5748393529694801)	('>10k+', 0.13365132020761047)
I_4hrsS3_Data2	(1.0, 24.774173610107272)	(2.0, 12.133520424178815)	(3.0, 7.504003054925929)	(4.0, 5.001680976623421)	(5.0, 3.6709820855838675)	(6.0, 2.7063820482502283)	(7.0, 2.160882286024231)	(8.0, 1.77211625938345)	(9.0, 1.429104994116254)	('>10', 14.542733054968892)	('>50', 4.426910687668731)	('>100', 10.526302742384896)	('>500', 4.164573242603321)	('>1k', 4.388709127780011)	('>5k', 0.6144045919257928)	('>10k+', 0.18352081347484667)
I_72hrsS1_Data1	(1.0, 21.146459391206882)	(2.0, 10.828304253776256)	(3.0, 6.482842598410138)	(4.0, 4.1527142044482845)	(5.0, 2.9740619483700956)	(6.0, 2.339123552067047)	(7.0, 1.7586547056850026)	(8.0, 1.5071672486386956)	(9.0, 1.2521049800128463)	('>10', 13.528632789891434)	('>50', 4.473029649303984)	('>100', 11.039342483890765)	('>500', 5.058980391339171)	('>1k', 9.85485301432496)	('>5k', 2.658659732847337)	('>10k+', 0.9450690557871892)
I_72hrsS1_Data2	(1.0, 23.22637490932801)	(2.0, 11.132388272690777)	(3.0, 6.786446600288157)	(4.0, 4.376285296016855)	(5.0, 2.974863451004486)	(6.0, 2.2420074665626926)	(7.0, 1.6995168732111585)	(8.0, 1.422832549728246)	(9.0, 1.2041224850922094)	('>10', 11.910160643052606)	('>50', 4.033282975047656)	('>100', 11.304713667110827)	('>500', 5.792256167742825)	('>1k', 10.042438299881674)	('>5k', 1.6147400964341352)	('>10k+', 0.23757024680768932)
I_72hrsS2_Data1	(1.0, 21.152455766799957)	(2.0, 10.850431123905764)	(3.0, 6.319505766181628)	(4.0, 4.118996724963339)	(5.0, 2.9183399896836035)	(6.0, 2.2585746515887495)	(7.0, 1.791336052958249)	(8.0, 1.443622631300766)	(9.0, 1.2322693959953437)	('>10', 13.628595063329833)	('>50', 4.407704351567723)	('>100', 11.164887242750227)	('>500', 5.113457996793003)	('>1k', 9.897780679064466)	('>5k', 2.684989448031766)	('>10k+', 1.017053115085409)
I_72hrsS2_Data2	(1.0, 23.076966274012022)	(2.0, 11.155596924059042)	(3.0, 6.612865307481221)	(4.0, 4.261760293086149)	(5.0, 3.0241473915189823)	(6.0, 2.2768624553496957)	(7.0, 1.7389069258920433)	(8.0, 1.3603481148243617)	(9.0, 1.182761470464777)	('>10', 11.834149549280589)	('>50', 4.056114520067399)	('>100', 11.53827053146657)	('>500', 5.945218368441348)	('>1k', 10.158322630318937)	('>5k', 1.4621671519078012)	('>10k+', 0.3155420918288615)
I_72hrsS3_Data1	(1.0, 17.252680139586705)	(2.0, 8.736631322326147)	(3.0, 5.391572321114023)	(4.0, 3.574511332337768)	(5.0, 2.8138573196086774)	(6.0, 2.2070307520941435)	(7.0, 1.822552088405446)	(8.0, 1.543272359732999)	(9.0, 1.3797559575018916)	('>10', 18.764341197831712)	('>50', 6.563926723624934)	('>100', 14.467121715016173)	('>500', 5.342782863323649)	('>1k', 7.362893259524272)	('>5k', 1.4217361085547007)	('>10k+', 1.3553345394168226)
I_72hrsS3_Data2	(1.0, 16.441972155473437)	(2.0, 7.617629498206094)	(3.0, 4.956809235967279)	(4.0, 3.5559905301091113)	(5.0, 2.757704349040375)	(6.0, 2.1635978753278122)	(7.0, 1.8681344977792078)	(8.0, 1.5815509949214692)	(9.0, 1.3700485126367625)	('>10', 18.731368466808433)	('>50', 6.959951266320457)	('>100', 16.119377876832317)	('>500', 6.381176655975783)	('>1k', 8.532420150831273)	('>5k', 0.8191102092417678)	('>10k+', 0.14315772452849276)
U_12hrsN1_Data1	(1.0, 21.993072629134097)	(2.0, 11.587493244511165)	(3.0, 7.144037003556121)	(4.0, 4.8023511877028895)	(5.0, 3.4808419482653465)	(6.0, 2.7302783767466146)	(7.0, 2.1670602502963323)	(8.0, 1.8140949278387746)	(9.0, 1.559129123363664)	('>10', 17.953680045051858)	('>50', 5.7530976897975235)	('>100', 11.45520818758041)	('>500', 3.6070838809972896)	('>1k', 3.4749106249293384)	('>5k', 0.4178905489849288)	('>10k+', 0.05977033124364901)
U_12hrsN1_Data2	(1.0, 22.68600074084482)	(2.0, 11.521078245951553)	(3.0, 7.138605996441201)	(4.0, 5.011109385364301)	(5.0, 3.674099439298074)	(6.0, 2.824076450846481)	(7.0, 2.2784193539613056)	(8.0, 1.8466879594187486)	(9.0, 1.5878672459970038)	('>10', 17.01151758369568)	('>50', 5.2992494818699925)	('>100', 11.450484954245951)	('>500', 3.8937832242555612)	('>1k', 3.3696912904123195)	('>5k', 0.25530455499304155)	('>10k+', 0.1520240924040217)
U_12hrsN2_Data1	(1.0, 22.10672587009671)	(2.0, 11.479704478313414)	(3.0, 7.028643032723522)	(4.0, 4.863995038548654)	(5.0, 3.5207556799643527)	(6.0, 2.676862318703998)	(7.0, 2.2128563537294297)	(8.0, 1.85081098119215)	(9.0, 1.5551524208726317)	('>10', 17.974822068510477)	('>50', 5.712355672678586)	('>100', 11.587761906912252)	('>500', 3.667305105371859)	('>1k', 3.412329882197809)	('>5k', 0.34991919018420176)	('>10k+', 0.0)
U_12hrsN2_Data2	(1.0, 22.34087965561403)	(2.0, 11.375416294675018)	(3.0, 7.293509942794831)	(4.0, 4.984149066185398)	(5.0, 3.669524672604449)	(6.0, 2.705631775002831)	(7.0, 2.1986027661155463)	(8.0, 1.8488648444581528)	(9.0, 1.5917678696024211)	('>10', 17.300367633619665)	('>50', 5.403888697527209)	('>100', 11.591464963625512)	('>500', 3.935427644491324)	('>1k', 3.3961335501088494)	('>5k', 0.2210672510118638)	('>10k+', 0.1433033725628363)
U_24hrsN1_Data1	(1.0, 24.24692109864248)	(2.0, 12.140639657684806)	(3.0, 7.492202994961527)	(4.0, 4.969034925580328)	(5.0, 3.5883629088541342)	(6.0, 2.8334239203637908)	(7.0, 2.2072802749566596)	(8.0, 1.9348226381053903)	(9.0, 1.642373391676138)	('>10', 17.979577698743526)	('>50', 5.106850335775405)	('>100', 10.061222094744116)	('>500', 2.9143485072763964)	('>1k', 2.670728733366574)	('>5k', 0.21221081926871108)	('>10k+', 0.0)
U_24hrsN1_Data2	(1.0, 24.655670208212943)	(2.0, 12.484089279776404)	(3.0, 7.855140662294358)	(4.0, 5.169581953547792)	(5.0, 3.819708069445312)	(6.0, 2.9385488971176073)	(7.0, 2.2750145468297127)	(8.0, 1.8996936669247702)	(9.0, 1.6331445948114334)	('>10', 16.754357884181463)	('>50', 5.017912008260496)	('>100', 9.713704439234554)	('>500', 3.0800079693841647)	('>1k', 2.379286937749961)	('>5k', 0.24488468290732715)	('>10k+', 0.07925419932154214)
U_24hrsN2_Data1	(1.0, 23.173922611164695)	(2.0, 12.325679317184946)	(3.0, 7.65710971908711)	(4.0, 5.035078344769475)	(5.0, 3.737342284091288)	(6.0, 2.8105176717933116)	(7.0, 2.314908987931653)	(8.0, 1.9365256581098216)	(9.0, 1.6191600246888402)	('>10', 18.367676793254077)	('>50', 5.261840270315905)	('>100', 10.178444491157894)	('>500', 3.0465989721393814)	('>1k', 2.3635815274815477)	('>5k', 0.1716133268299605)	('>10k+', 0.0)
U_24hrsN2_Data2	(1.0, 24.478121123481777)	(2.0, 12.471623919134863)	(3.0, 7.984994846181381)	(4.0, 5.331836671440979)	(5.0, 3.869946544222987)	(6.0, 2.9754026573024506)	(7.0, 2.2760804879721985)	(8.0, 1.7903168958109155)	(9.0, 1.6432296357442044)	('>10', 16.90696355085251)	('>50', 4.910969968030965)	('>100', 9.839562403316682)	('>500', 3.040617604815024)	('>1k', 2.284461630044307)	('>5k', 0.12456676303768326)	('>10k+', 0.07130529861100302)
U_4hrsN1_Data1	(1.0, 24.955736134268975)	(2.0, 12.92119127101816)	(3.0, 7.699004966905868)	(4.0, 5.107342277546222)	(5.0, 3.666680248929835)	(6.0, 2.7764829740538124)	(7.0, 2.293647659297221)	(8.0, 1.7849355455829732)	(9.0, 1.5963912647926866)	('>10', 16.403986559682423)	('>50', 4.75315100413771)	('>100', 9.573454236803638)	('>500', 3.043384319445568)	('>1k', 3.0130485152391135)	('>5k', 0.3425346425857993)	('>10k+', 0.06902837970993254)
U_4hrsN1_Data2	(1.0, 25.548811377971237)	(2.0, 13.254921079343434)	(3.0, 8.073652091622739)	(4.0, 5.37248791558319)	(5.0, 3.9094237858456498)	(6.0, 2.9638767464641105)	(7.0, 2.284940688254656)	(8.0, 1.7530493047025915)	(9.0, 1.4802596807151536)	('>10', 15.107654940401558)	('>50', 4.379548496101022)	('>100', 9.437578306379505)	('>500', 3.0697644069805072)	('>1k', 2.8981967764325764)	('>5k', 0.37426852111355047)	('>10k+', 0.09156588208856845)
U_4hrsN2_Data1	(1.0, 7.46194822908179)	(2.0, 4.350475070496034)	(3.0, 3.909474762885963)	(4.0, 3.5824152899957453)	(5.0, 2.9978348588746333)	(6.0, 2.5109884815943992)	(7.0, 2.0693632004355647)	(8.0, 1.7111780229748847)	(9.0, 1.4682554682609015)	('>10', 19.33033987625354)	('>50', 8.408908248616225)	('>100', 18.93824798900354)	('>500', 7.697421494575931)	('>1k', 11.735984227973976)	('>5k', 2.5772643495382055)	('>10k+', 1.2499004294386737)
U_4hrsN2_Data2	(1.0, 8.92923074154969)	(2.0, 3.358140108589068)	(3.0, 3.0123117740718595)	(4.0, 2.6320782728558005)	(5.0, 2.3475803890774913)	(6.0, 1.976150108739239)	(7.0, 1.6622216463263604)	(8.0, 1.4169649512315914)	(9.0, 1.1678386081197178)	('>10', 17.8152973051988)	('>50', 8.391752158231457)	('>100', 21.279240380430064)	('>500', 8.872628588413699)	('>1k', 13.660732046493932)	('>5k', 2.5754357641090535)	('>10k+', 0.9023971565621889)
U_72hrsN1_Data1	(1.0, 3.4663329230081565)	(2.0, 0.8817570392234112)	(3.0, 0.7250383586693354)	(4.0, 0.7774540027841259)	(5.0, 0.8388404395658121)	(6.0, 0.9315848803994267)	(7.0, 1.023455088938159)	(8.0, 1.0961919669256348)	(9.0, 1.0792152988698662)	('>10', 17.857376771139936)	('>50', 5.226961106761221)	('>100', 15.241310067306621)	('>500', 7.5696314290469875)	('>1k', 20.42540652888152)	('>5k', 8.866830066869623)	('>10k+', 13.992614031610232)
U_72hrsN1_Data2	(1.0, 5.358966573007941)	(2.0, 0.9387696153026167)	(3.0, 0.75092137635464)	(4.0, 0.7111243390836695)	(5.0, 0.7318824582732736)	(6.0, 0.8082638034212312)	(7.0, 0.8292282413944532)	(8.0, 0.8537313573005869)	(9.0, 0.9017934247505284)	('>10', 13.579044076349708)	('>50', 3.902063125493089)	('>100', 12.19258322899885)	('>500', 7.244045906778167)	('>1k', 24.293202329326903)	('>5k', 12.154042458563069)	('>10k+', 14.750337685601286)
U_72hrsN2_Data1	(1.0, 24.31635095670496)	(2.0, 12.44826620558577)	(3.0, 7.688947445506214)	(4.0, 5.168451341777196)	(5.0, 3.6531038269093563)	(6.0, 2.716963510281559)	(7.0, 2.112384945631912)	(8.0, 1.7998022947712269)	(9.0, 1.555749952515938)	('>10', 16.429957800852367)	('>50', 4.8334976219448365)	('>100', 9.93247048688238)	('>500', 3.4457038379125815)	('>1k', 3.467950655885197)	('>5k', 0.36033589525018844)	('>10k+', 0.07006322158829319)
U_72hrsN2_Data2	(1.0, 26.749922285194895)	(2.0, 13.016745485393749)	(3.0, 8.04874354949171)	(4.0, 5.290433257671821)	(5.0, 3.760794928178411)	(6.0, 2.6832549455589527)	(7.0, 2.164061020906235)	(8.0, 1.6821378254864787)	(9.0, 1.450047999335487)	('>10', 14.395832198363658)	('>50', 4.313734651613279)	('>100', 9.818131188864278)	('>500', 3.2247752541066697)	('>1k', 2.9284171268491237)	('>5k', 0.38925625411418563)	('>10k+', 0.08371202887096299)
