Sample	0	1	2	3	4	5	6	7	8	9	10	11	12	13	14	15	16	17	18	19	20	21	22	23	24	25	26
I_12hrsS1_Data1	(14.0, 6.0)	(15.0, 51.0)	(16.0, 155.0)	(17.0, 320.0)	(18.0, 504.0)	(19.0, 810.0)	(20.0, 1135.0)	(21.0, 2138.0)	(22.0, 3641.0)	(23.0, 7117.0)	(24.0, 13272.0)	(25.0, 24944.0)	(26.0, 42018.0)	(27.0, 67796.0)	(28.0, 99910.0)	(29.0, 142800.0)	(30.0, 190264.0)	(31.0, 254773.0)	(32.0, 335668.0)	(33.0, 479647.0)	(34.0, 772256.0)	(35.0, 2353168.0)	(36.0, 14022824.0)	(37.0, 685124.0)			
I_12hrsS1_Data2	(11.0, 1.0)	(12.0, 37.0)	(13.0, 250.0)	(14.0, 663.0)	(15.0, 1373.0)	(16.0, 2283.0)	(17.0, 3404.0)	(18.0, 4500.0)	(19.0, 6702.0)	(20.0, 10463.0)	(21.0, 17069.0)	(22.0, 25495.0)	(23.0, 36066.0)	(24.0, 47841.0)	(25.0, 62614.0)	(26.0, 78179.0)	(27.0, 98888.0)	(28.0, 122419.0)	(29.0, 156390.0)	(30.0, 199379.0)	(31.0, 268985.0)	(32.0, 379276.0)	(33.0, 635771.0)	(34.0, 1341179.0)	(35.0, 4347827.0)	(36.0, 11261281.0)	(37.0, 392006.0)
I_12hrsS3_Data1	(13.0, 1.0)	(14.0, 6.0)	(15.0, 48.0)	(16.0, 174.0)	(17.0, 326.0)	(18.0, 499.0)	(19.0, 738.0)	(20.0, 1125.0)	(21.0, 2086.0)	(22.0, 3689.0)	(23.0, 6845.0)	(24.0, 12720.0)	(25.0, 23579.0)	(26.0, 39481.0)	(27.0, 64652.0)	(28.0, 94557.0)	(29.0, 135471.0)	(30.0, 182121.0)	(31.0, 242419.0)	(32.0, 318216.0)	(33.0, 456794.0)	(34.0, 727399.0)	(35.0, 2112298.0)	(36.0, 13482017.0)	(37.0, 745376.0)		
I_12hrsS3_Data2	(11.0, 2.0)	(12.0, 30.0)	(13.0, 148.0)	(14.0, 523.0)	(15.0, 1165.0)	(16.0, 1974.0)	(17.0, 2897.0)	(18.0, 4045.0)	(19.0, 5772.0)	(20.0, 8838.0)	(21.0, 14509.0)	(22.0, 20673.0)	(23.0, 28885.0)	(24.0, 36819.0)	(25.0, 48337.0)	(26.0, 60789.0)	(27.0, 77241.0)	(28.0, 97549.0)	(29.0, 125455.0)	(30.0, 161896.0)	(31.0, 219383.0)	(32.0, 307564.0)	(33.0, 502401.0)	(34.0, 1010232.0)	(35.0, 3392262.0)	(36.0, 11955635.0)	(37.0, 567613.0)
I_24hrsS1_Data1	(13.0, 1.0)	(14.0, 5.0)	(15.0, 58.0)	(16.0, 141.0)	(17.0, 289.0)	(18.0, 484.0)	(19.0, 769.0)	(20.0, 1267.0)	(21.0, 2136.0)	(22.0, 4087.0)	(23.0, 7810.0)	(24.0, 14848.0)	(25.0, 27527.0)	(26.0, 46704.0)	(27.0, 76043.0)	(28.0, 112373.0)	(29.0, 160909.0)	(30.0, 214573.0)	(31.0, 285732.0)	(32.0, 373011.0)	(33.0, 526450.0)	(34.0, 835421.0)	(35.0, 2552165.0)	(36.0, 14686190.0)	(37.0, 584092.0)		
I_24hrsS1_Data2	(12.0, 30.0)	(13.0, 226.0)	(14.0, 664.0)	(15.0, 1401.0)	(16.0, 2316.0)	(17.0, 3546.0)	(18.0, 5120.0)	(19.0, 7433.0)	(20.0, 11609.0)	(21.0, 19111.0)	(22.0, 28899.0)	(23.0, 42390.0)	(24.0, 56497.0)	(25.0, 75169.0)	(26.0, 93024.0)	(27.0, 117427.0)	(28.0, 145161.0)	(29.0, 183904.0)	(30.0, 231920.0)	(31.0, 309255.0)	(32.0, 432609.0)	(33.0, 721295.0)	(34.0, 1520448.0)	(35.0, 4838993.0)	(36.0, 11312423.0)	(37.0, 352215.0)	
I_24hrsS2_Data1	(14.0, 16.0)	(15.0, 42.0)	(16.0, 142.0)	(17.0, 313.0)	(18.0, 502.0)	(19.0, 712.0)	(20.0, 1137.0)	(21.0, 2121.0)	(22.0, 4095.0)	(23.0, 7895.0)	(24.0, 14518.0)	(25.0, 27025.0)	(26.0, 45151.0)	(27.0, 72974.0)	(28.0, 106777.0)	(29.0, 151649.0)	(30.0, 201081.0)	(31.0, 266610.0)	(32.0, 350418.0)	(33.0, 498213.0)	(34.0, 792786.0)	(35.0, 2377115.0)	(36.0, 14575172.0)	(37.0, 706984.0)			
I_24hrsS2_Data2	(11.0, 3.0)	(12.0, 49.0)	(13.0, 239.0)	(14.0, 687.0)	(15.0, 1430.0)	(16.0, 2448.0)	(17.0, 3544.0)	(18.0, 4991.0)	(19.0, 7411.0)	(20.0, 11488.0)	(21.0, 19139.0)	(22.0, 28742.0)	(23.0, 42072.0)	(24.0, 55604.0)	(25.0, 71939.0)	(26.0, 87483.0)	(27.0, 109718.0)	(28.0, 135397.0)	(29.0, 172948.0)	(30.0, 219080.0)	(31.0, 295962.0)	(32.0, 417384.0)	(33.0, 709292.0)	(34.0, 1517458.0)	(35.0, 4794245.0)	(36.0, 11143985.0)	(37.0, 350710.0)
I_24hrsS3_Data1	(14.0, 2.0)	(15.0, 31.0)	(16.0, 121.0)	(17.0, 305.0)	(18.0, 465.0)	(19.0, 702.0)	(20.0, 1127.0)	(21.0, 1955.0)	(22.0, 3600.0)	(23.0, 7011.0)	(24.0, 13633.0)	(25.0, 25526.0)	(26.0, 42766.0)	(27.0, 68733.0)	(28.0, 100700.0)	(29.0, 143278.0)	(30.0, 191371.0)	(31.0, 255314.0)	(32.0, 336987.0)	(33.0, 481056.0)	(34.0, 776807.0)	(35.0, 2373779.0)	(36.0, 13942305.0)	(37.0, 668904.0)			
I_24hrsS3_Data2	(11.0, 4.0)	(12.0, 58.0)	(13.0, 254.0)	(14.0, 622.0)	(15.0, 1319.0)	(16.0, 2144.0)	(17.0, 3307.0)	(18.0, 4689.0)	(19.0, 7145.0)	(20.0, 11053.0)	(21.0, 18048.0)	(22.0, 27269.0)	(23.0, 39157.0)	(24.0, 52499.0)	(25.0, 68138.0)	(26.0, 83606.0)	(27.0, 106207.0)	(28.0, 131356.0)	(29.0, 167580.0)	(30.0, 215134.0)	(31.0, 292835.0)	(32.0, 418535.0)	(33.0, 730247.0)	(34.0, 1582235.0)	(35.0, 4893081.0)	(36.0, 10290722.0)	(37.0, 289234.0)
I_4hrsS1_Data1	(14.0, 6.0)	(15.0, 49.0)	(16.0, 202.0)	(17.0, 422.0)	(18.0, 673.0)	(19.0, 1003.0)	(20.0, 1489.0)	(21.0, 2550.0)	(22.0, 4576.0)	(23.0, 8508.0)	(24.0, 15609.0)	(25.0, 28032.0)	(26.0, 46130.0)	(27.0, 72360.0)	(28.0, 103128.0)	(29.0, 144834.0)	(30.0, 191331.0)	(31.0, 252464.0)	(32.0, 328622.0)	(33.0, 464916.0)	(34.0, 728291.0)	(35.0, 2126153.0)	(36.0, 13447826.0)	(37.0, 735514.0)			
I_4hrsS1_Data2	(11.0, 1.0)	(12.0, 40.0)	(13.0, 281.0)	(14.0, 751.0)	(15.0, 1663.0)	(16.0, 2720.0)	(17.0, 3894.0)	(18.0, 5281.0)	(19.0, 7502.0)	(20.0, 11369.0)	(21.0, 18324.0)	(22.0, 27072.0)	(23.0, 38520.0)	(24.0, 50205.0)	(25.0, 64234.0)	(26.0, 78229.0)	(27.0, 98077.0)	(28.0, 119244.0)	(29.0, 151781.0)	(30.0, 191029.0)	(31.0, 255760.0)	(32.0, 354558.0)	(33.0, 583758.0)	(34.0, 1216560.0)	(35.0, 3972972.0)	(36.0, 11026318.0)	(37.0, 424545.0)
I_4hrsS2_Data1	(14.0, 1.0)	(15.0, 38.0)	(16.0, 132.0)	(17.0, 285.0)	(18.0, 469.0)	(19.0, 724.0)	(20.0, 1153.0)	(21.0, 2119.0)	(22.0, 3922.0)	(23.0, 7590.0)	(24.0, 14442.0)	(25.0, 26890.0)	(26.0, 45108.0)	(27.0, 73071.0)	(28.0, 106541.0)	(29.0, 150640.0)	(30.0, 199206.0)	(31.0, 266006.0)	(32.0, 347991.0)	(33.0, 495513.0)	(34.0, 793868.0)	(35.0, 2416522.0)	(36.0, 14154915.0)	(37.0, 674238.0)			
I_4hrsS2_Data2	(11.0, 1.0)	(12.0, 54.0)	(13.0, 227.0)	(14.0, 602.0)	(15.0, 1242.0)	(16.0, 2103.0)	(17.0, 3128.0)	(18.0, 4470.0)	(19.0, 6765.0)	(20.0, 10484.0)	(21.0, 17280.0)	(22.0, 26130.0)	(23.0, 38104.0)	(24.0, 49787.0)	(25.0, 65253.0)	(26.0, 80291.0)	(27.0, 101775.0)	(28.0, 125979.0)	(29.0, 161187.0)	(30.0, 206208.0)	(31.0, 278041.0)	(32.0, 396300.0)	(33.0, 671477.0)	(34.0, 1434079.0)	(35.0, 4592059.0)	(36.0, 11146494.0)	(37.0, 361864.0)
I_4hrsS3_Data1	(14.0, 4.0)	(15.0, 34.0)	(16.0, 112.0)	(17.0, 223.0)	(18.0, 394.0)	(19.0, 663.0)	(20.0, 1119.0)	(21.0, 2019.0)	(22.0, 4112.0)	(23.0, 7958.0)	(24.0, 15054.0)	(25.0, 27191.0)	(26.0, 45449.0)	(27.0, 72359.0)	(28.0, 105646.0)	(29.0, 150276.0)	(30.0, 199097.0)	(31.0, 263710.0)	(32.0, 348414.0)	(33.0, 496084.0)	(34.0, 791394.0)	(35.0, 2386461.0)	(36.0, 14307327.0)	(37.0, 696864.0)			
I_4hrsS3_Data2	(11.0, 4.0)	(12.0, 23.0)	(13.0, 199.0)	(14.0, 556.0)	(15.0, 1182.0)	(16.0, 1992.0)	(17.0, 3059.0)	(18.0, 4228.0)	(19.0, 6630.0)	(20.0, 10634.0)	(21.0, 17630.0)	(22.0, 27140.0)	(23.0, 39230.0)	(24.0, 51818.0)	(25.0, 67551.0)	(26.0, 83932.0)	(27.0, 105445.0)	(28.0, 131012.0)	(29.0, 167240.0)	(30.0, 212914.0)	(31.0, 288335.0)	(32.0, 408855.0)	(33.0, 691930.0)	(34.0, 1467468.0)	(35.0, 4658503.0)	(36.0, 11131083.0)	(37.0, 343371.0)
I_72hrsS1_Data1	(13.0, 1.0)	(14.0, 5.0)	(15.0, 29.0)	(16.0, 73.0)	(17.0, 204.0)	(18.0, 314.0)	(19.0, 558.0)	(20.0, 869.0)	(21.0, 1616.0)	(22.0, 3023.0)	(23.0, 6280.0)	(24.0, 12169.0)	(25.0, 23269.0)	(26.0, 39730.0)	(27.0, 65432.0)	(28.0, 97509.0)	(29.0, 140258.0)	(30.0, 187967.0)	(31.0, 249457.0)	(32.0, 325526.0)	(33.0, 462665.0)	(34.0, 740651.0)	(35.0, 2241553.0)	(36.0, 14587063.0)	(37.0, 711789.0)		
I_72hrsS1_Data2	(12.0, 39.0)	(13.0, 173.0)	(14.0, 540.0)	(15.0, 1113.0)	(16.0, 1692.0)	(17.0, 2601.0)	(18.0, 3931.0)	(19.0, 6155.0)	(20.0, 9544.0)	(21.0, 16225.0)	(22.0, 25651.0)	(23.0, 38454.0)	(24.0, 51982.0)	(25.0, 67960.0)	(26.0, 83948.0)	(27.0, 105113.0)	(28.0, 130247.0)	(29.0, 166157.0)	(30.0, 212976.0)	(31.0, 290441.0)	(32.0, 420953.0)	(33.0, 745332.0)	(34.0, 1665027.0)	(35.0, 5180597.0)	(36.0, 10395919.0)	(37.0, 275240.0)	
I_72hrsS2_Data1	(14.0, 4.0)	(15.0, 27.0)	(16.0, 82.0)	(17.0, 189.0)	(18.0, 290.0)	(19.0, 522.0)	(20.0, 808.0)	(21.0, 1460.0)	(22.0, 2784.0)	(23.0, 5567.0)	(24.0, 10500.0)	(25.0, 20615.0)	(26.0, 35804.0)	(27.0, 59553.0)	(28.0, 89154.0)	(29.0, 128666.0)	(30.0, 173374.0)	(31.0, 234357.0)	(32.0, 310294.0)	(33.0, 445938.0)	(34.0, 726978.0)	(35.0, 2286196.0)	(36.0, 13841443.0)	(37.0, 632488.0)			
I_72hrsS2_Data2	(11.0, 5.0)	(12.0, 44.0)	(13.0, 192.0)	(14.0, 482.0)	(15.0, 1002.0)	(16.0, 1615.0)	(17.0, 2603.0)	(18.0, 3616.0)	(19.0, 5818.0)	(20.0, 9385.0)	(21.0, 15028.0)	(22.0, 23286.0)	(23.0, 34268.0)	(24.0, 46245.0)	(25.0, 60776.0)	(26.0, 76291.0)	(27.0, 97562.0)	(28.0, 121712.0)	(29.0, 156828.0)	(30.0, 201140.0)	(31.0, 275505.0)	(32.0, 399591.0)	(33.0, 707158.0)	(34.0, 1586085.0)	(35.0, 4944181.0)	(36.0, 9969811.0)	(37.0, 266864.0)
I_72hrsS3_Data1	(13.0, 2.0)	(14.0, 22.0)	(15.0, 181.0)	(16.0, 502.0)	(17.0, 1106.0)	(18.0, 1840.0)	(19.0, 3160.0)	(20.0, 5219.0)	(21.0, 8748.0)	(22.0, 13977.0)	(23.0, 22741.0)	(24.0, 33550.0)	(25.0, 50184.0)	(26.0, 71157.0)	(27.0, 101223.0)	(28.0, 138344.0)	(29.0, 191045.0)	(30.0, 249976.0)	(31.0, 331073.0)	(32.0, 434369.0)	(33.0, 605556.0)	(34.0, 908273.0)	(35.0, 1961649.0)	(36.0, 11955012.0)	(37.0, 1462146.0)		
I_72hrsS3_Data2	(11.0, 10.0)	(12.0, 185.0)	(13.0, 648.0)	(14.0, 1686.0)	(15.0, 3453.0)	(16.0, 5672.0)	(17.0, 7728.0)	(18.0, 9696.0)	(19.0, 12819.0)	(20.0, 16830.0)	(21.0, 23666.0)	(22.0, 31505.0)	(23.0, 41513.0)	(24.0, 52720.0)	(25.0, 68429.0)	(26.0, 86362.0)	(27.0, 111055.0)	(28.0, 138482.0)	(29.0, 177341.0)	(30.0, 225344.0)	(31.0, 297204.0)	(32.0, 397552.0)	(33.0, 595610.0)	(34.0, 1035676.0)	(35.0, 2912074.0)	(36.0, 11640009.0)	(37.0, 657786.0)
U_12hrsN1_Data1	(14.0, 5.0)	(15.0, 37.0)	(16.0, 174.0)	(17.0, 290.0)	(18.0, 503.0)	(19.0, 730.0)	(20.0, 1212.0)	(21.0, 2142.0)	(22.0, 4163.0)	(23.0, 8522.0)	(24.0, 15685.0)	(25.0, 28855.0)	(26.0, 48298.0)	(27.0, 77003.0)	(28.0, 110741.0)	(29.0, 155570.0)	(30.0, 205565.0)	(31.0, 271307.0)	(32.0, 355343.0)	(33.0, 501690.0)	(34.0, 792278.0)	(35.0, 2337731.0)	(36.0, 14559850.0)	(37.0, 735600.0)			
U_12hrsN1_Data2	(11.0, 1.0)	(12.0, 48.0)	(13.0, 255.0)	(14.0, 724.0)	(15.0, 1449.0)	(16.0, 2373.0)	(17.0, 3480.0)	(18.0, 4776.0)	(19.0, 7248.0)	(20.0, 11536.0)	(21.0, 18884.0)	(22.0, 28599.0)	(23.0, 40877.0)	(24.0, 54280.0)	(25.0, 69854.0)	(26.0, 86607.0)	(27.0, 108250.0)	(28.0, 133303.0)	(29.0, 170403.0)	(30.0, 215593.0)	(31.0, 288894.0)	(32.0, 404714.0)	(33.0, 680076.0)	(34.0, 1439988.0)	(35.0, 4620063.0)	(36.0, 11448669.0)	(37.0, 372350.0)
U_12hrsN2_Data1	(14.0, 9.0)	(15.0, 47.0)	(16.0, 192.0)	(17.0, 357.0)	(18.0, 520.0)	(19.0, 836.0)	(20.0, 1286.0)	(21.0, 2352.0)	(22.0, 4113.0)	(23.0, 8279.0)	(24.0, 15170.0)	(25.0, 27654.0)	(26.0, 46134.0)	(27.0, 73010.0)	(28.0, 106719.0)	(29.0, 150144.0)	(30.0, 199178.0)	(31.0, 262080.0)	(32.0, 340210.0)	(33.0, 480438.0)	(34.0, 758926.0)	(35.0, 2210990.0)	(36.0, 14190597.0)	(37.0, 771510.0)			
U_12hrsN2_Data2	(11.0, 2.0)	(12.0, 21.0)	(13.0, 225.0)	(14.0, 648.0)	(15.0, 1466.0)	(16.0, 2428.0)	(17.0, 3486.0)	(18.0, 4811.0)	(19.0, 7225.0)	(20.0, 11177.0)	(21.0, 18400.0)	(22.0, 28034.0)	(23.0, 39833.0)	(24.0, 52943.0)	(25.0, 67606.0)	(26.0, 82520.0)	(27.0, 103486.0)	(28.0, 126482.0)	(29.0, 159828.0)	(30.0, 201973.0)	(31.0, 270643.0)	(32.0, 377428.0)	(33.0, 629409.0)	(34.0, 1318814.0)	(35.0, 4288352.0)	(36.0, 11446172.0)	(37.0, 407339.0)
U_24hrsN1_Data1	(14.0, 2.0)	(15.0, 35.0)	(16.0, 95.0)	(17.0, 219.0)	(18.0, 342.0)	(19.0, 584.0)	(20.0, 959.0)	(21.0, 1703.0)	(22.0, 3317.0)	(23.0, 6562.0)	(24.0, 12639.0)	(25.0, 23875.0)	(26.0, 39806.0)	(27.0, 64407.0)	(28.0, 94467.0)	(29.0, 134340.0)	(30.0, 178695.0)	(31.0, 239377.0)	(32.0, 315376.0)	(33.0, 453563.0)	(34.0, 732439.0)	(35.0, 2192797.0)	(36.0, 13298321.0)	(37.0, 713597.0)			
U_24hrsN1_Data2	(11.0, 2.0)	(12.0, 39.0)	(13.0, 178.0)	(14.0, 462.0)	(15.0, 857.0)	(16.0, 1420.0)	(17.0, 2269.0)	(18.0, 3212.0)	(19.0, 5124.0)	(20.0, 8498.0)	(21.0, 14035.0)	(22.0, 20958.0)	(23.0, 30222.0)	(24.0, 39242.0)	(25.0, 50950.0)	(26.0, 63260.0)	(27.0, 80110.0)	(28.0, 99354.0)	(29.0, 127858.0)	(30.0, 163094.0)	(31.0, 222128.0)	(32.0, 313111.0)	(33.0, 518278.0)	(34.0, 1071090.0)	(35.0, 3609920.0)	(36.0, 11569309.0)	(37.0, 492537.0)
U_24hrsN2_Data1	(14.0, 5.0)	(15.0, 35.0)	(16.0, 125.0)	(17.0, 277.0)	(18.0, 487.0)	(19.0, 705.0)	(20.0, 1130.0)	(21.0, 2018.0)	(22.0, 3811.0)	(23.0, 7476.0)	(24.0, 14016.0)	(25.0, 25957.0)	(26.0, 44284.0)	(27.0, 71167.0)	(28.0, 104731.0)	(29.0, 150041.0)	(30.0, 201009.0)	(31.0, 266080.0)	(32.0, 347932.0)	(33.0, 489729.0)	(34.0, 766018.0)	(35.0, 2236956.0)	(36.0, 13837793.0)	(37.0, 612827.0)			
U_24hrsN2_Data2	(11.0, 2.0)	(12.0, 27.0)	(13.0, 189.0)	(14.0, 580.0)	(15.0, 1324.0)	(16.0, 2163.0)	(17.0, 3267.0)	(18.0, 4658.0)	(19.0, 6950.0)	(20.0, 10837.0)	(21.0, 17812.0)	(22.0, 27395.0)	(23.0, 39773.0)	(24.0, 52748.0)	(25.0, 70167.0)	(26.0, 87179.0)	(27.0, 110417.0)	(28.0, 136274.0)	(29.0, 173313.0)	(30.0, 218375.0)	(31.0, 291786.0)	(32.0, 407238.0)	(33.0, 676160.0)	(34.0, 1417185.0)	(35.0, 4508569.0)	(36.0, 10592952.0)	(37.0, 327269.0)
U_4hrsN1_Data1	(14.0, 7.0)	(15.0, 42.0)	(16.0, 133.0)	(17.0, 235.0)	(18.0, 422.0)	(19.0, 645.0)	(20.0, 1026.0)	(21.0, 2041.0)	(22.0, 3858.0)	(23.0, 7442.0)	(24.0, 14379.0)	(25.0, 26585.0)	(26.0, 44251.0)	(27.0, 70751.0)	(28.0, 103885.0)	(29.0, 145928.0)	(30.0, 191604.0)	(31.0, 254257.0)	(32.0, 331618.0)	(33.0, 466784.0)	(34.0, 732375.0)	(35.0, 2124114.0)	(36.0, 13694376.0)	(37.0, 748483.0)			
U_4hrsN1_Data2	(11.0, 1.0)	(12.0, 22.0)	(13.0, 168.0)	(14.0, 440.0)	(15.0, 1014.0)	(16.0, 1690.0)	(17.0, 2447.0)	(18.0, 3564.0)	(19.0, 5618.0)	(20.0, 8819.0)	(21.0, 14823.0)	(22.0, 22604.0)	(23.0, 32860.0)	(24.0, 42934.0)	(25.0, 55557.0)	(26.0, 67288.0)	(27.0, 84032.0)	(28.0, 103827.0)	(29.0, 132612.0)	(30.0, 169660.0)	(31.0, 227292.0)	(32.0, 317320.0)	(33.0, 516767.0)	(34.0, 1051953.0)	(35.0, 3570224.0)	(36.0, 12000511.0)	(37.0, 531194.0)
U_4hrsN2_Data1	(13.0, 2.0)	(14.0, 55.0)	(15.0, 398.0)	(16.0, 1305.0)	(17.0, 1970.0)	(18.0, 2667.0)	(19.0, 4261.0)	(20.0, 7420.0)	(21.0, 12931.0)	(22.0, 22002.0)	(23.0, 36040.0)	(24.0, 53391.0)	(25.0, 75247.0)	(26.0, 97504.0)	(27.0, 122060.0)	(28.0, 145603.0)	(29.0, 180456.0)	(30.0, 216131.0)	(31.0, 270748.0)	(32.0, 336862.0)	(33.0, 454550.0)	(34.0, 665230.0)	(35.0, 1432048.0)	(36.0, 10985901.0)	(37.0, 2246918.0)		
U_4hrsN2_Data2	(11.0, 8.0)	(12.0, 109.0)	(13.0, 759.0)	(14.0, 2137.0)	(15.0, 4567.0)	(16.0, 7368.0)	(17.0, 10550.0)	(18.0, 13971.0)	(19.0, 19700.0)	(20.0, 27780.0)	(21.0, 38643.0)	(22.0, 50239.0)	(23.0, 64412.0)	(24.0, 77935.0)	(25.0, 95085.0)	(26.0, 109945.0)	(27.0, 131501.0)	(28.0, 151835.0)	(29.0, 182215.0)	(30.0, 216838.0)	(31.0, 274053.0)	(32.0, 356972.0)	(33.0, 538057.0)	(34.0, 966744.0)	(35.0, 2681333.0)	(36.0, 10544493.0)	(37.0, 804451.0)
U_72hrsN1_Data1	(13.0, 2.0)	(14.0, 47.0)	(15.0, 303.0)	(16.0, 775.0)	(17.0, 1438.0)	(18.0, 2301.0)	(19.0, 3609.0)	(20.0, 5916.0)	(21.0, 9870.0)	(22.0, 16199.0)	(23.0, 27571.0)	(24.0, 42885.0)	(25.0, 64757.0)	(26.0, 88716.0)	(27.0, 119033.0)	(28.0, 148372.0)	(29.0, 191066.0)	(30.0, 240983.0)	(31.0, 315102.0)	(32.0, 417648.0)	(33.0, 589480.0)	(34.0, 889741.0)	(35.0, 1974263.0)	(36.0, 16088341.0)	(37.0, 2706556.0)		
U_72hrsN1_Data2	(11.0, 6.0)	(12.0, 122.0)	(13.0, 745.0)	(14.0, 1887.0)	(15.0, 3939.0)	(16.0, 6188.0)	(17.0, 8763.0)	(18.0, 12051.0)	(19.0, 17253.0)	(20.0, 24369.0)	(21.0, 34747.0)	(22.0, 45919.0)	(23.0, 58750.0)	(24.0, 70357.0)	(25.0, 86619.0)	(26.0, 101911.0)	(27.0, 125093.0)	(28.0, 149949.0)	(29.0, 187178.0)	(30.0, 233458.0)	(31.0, 313604.0)	(32.0, 446439.0)	(33.0, 762558.0)	(34.0, 1591223.0)	(35.0, 4956200.0)	(36.0, 14071543.0)	(37.0, 634103.0)
U_72hrsN2_Data1	(14.0, 1.0)	(15.0, 39.0)	(16.0, 119.0)	(17.0, 224.0)	(18.0, 418.0)	(19.0, 672.0)	(20.0, 1141.0)	(21.0, 1991.0)	(22.0, 3851.0)	(23.0, 7490.0)	(24.0, 13891.0)	(25.0, 26036.0)	(26.0, 44078.0)	(27.0, 69969.0)	(28.0, 101903.0)	(29.0, 143563.0)	(30.0, 189516.0)	(31.0, 251587.0)	(32.0, 329866.0)	(33.0, 469866.0)	(34.0, 748791.0)	(35.0, 2236959.0)	(36.0, 14062358.0)	(37.0, 730958.0)			
U_72hrsN2_Data2	(12.0, 51.0)	(13.0, 243.0)	(14.0, 530.0)	(15.0, 1047.0)	(16.0, 1974.0)	(17.0, 2899.0)	(18.0, 4421.0)	(19.0, 6826.0)	(20.0, 11159.0)	(21.0, 18190.0)	(22.0, 27803.0)	(23.0, 40258.0)	(24.0, 53121.0)	(25.0, 69145.0)	(26.0, 85873.0)	(27.0, 107758.0)	(28.0, 132929.0)	(29.0, 169278.0)	(30.0, 216860.0)	(31.0, 294319.0)	(32.0, 423444.0)	(33.0, 733846.0)	(34.0, 1588806.0)	(35.0, 4889350.0)	(36.0, 10273813.0)	(37.0, 281344.0)	
