Sample	0	1	2	3	4	5	6	7	8	9	10	11	12	13	14	15	16	17	18	19	20	21	22	23	24
I_12hrsS1_Data1	(100, 4192.0)	(102, 4944.0)	(104, 5910.0)	(106, 6004.0)	(108, 5887.0)	(110, 6124.0)	(112, 6963.0)	(114, 7821.0)	(116, 8455.0)	(118, 8379.0)	(120, 8369.0)	(122, 9453.0)	(124, 10611.0)	(126, 11116.0)	(128, 11161.0)	(130, 11657.0)	(132, 12343.0)	(134, 13691.0)	(136, 14724.0)	(138, 15787.0)	(140, 14632.0)	(142, 16809.0)	(144, 26046.0)	(146, 0.0)	(148, 19259263.0)
I_12hrsS1_Data2	(100, 4492.0)	(102, 5352.0)	(104, 6195.0)	(106, 6240.0)	(108, 6159.0)	(110, 6434.0)	(112, 7308.0)	(114, 8099.0)	(116, 8704.0)	(118, 8674.0)	(120, 8721.0)	(122, 9757.0)	(124, 10887.0)	(126, 11422.0)	(128, 11473.0)	(130, 12027.0)	(132, 12706.0)	(134, 13987.0)	(136, 15000.0)	(138, 16349.0)	(140, 15306.0)	(142, 19567.0)	(144, 30560.0)	(146, 0.0)	(148, 19244922.0)
I_12hrsS3_Data1	(100, 4166.0)	(102, 4789.0)	(104, 5609.0)	(106, 5891.0)	(108, 5789.0)	(110, 6199.0)	(112, 6880.0)	(114, 8114.0)	(116, 8552.0)	(118, 8521.0)	(120, 8938.0)	(122, 9865.0)	(124, 10885.0)	(126, 11908.0)	(128, 12069.0)	(130, 12543.0)	(132, 13542.0)	(134, 15277.0)	(136, 16269.0)	(138, 17341.0)	(140, 16565.0)	(142, 18938.0)	(144, 26156.0)	(146, 0.0)	(148, 18397831.0)
I_12hrsS3_Data2	(100, 4425.0)	(102, 5087.0)	(104, 5870.0)	(106, 6222.0)	(108, 6012.0)	(110, 6411.0)	(112, 7105.0)	(114, 8298.0)	(116, 8809.0)	(118, 8785.0)	(120, 9283.0)	(122, 10167.0)	(124, 11128.0)	(126, 12170.0)	(128, 12322.0)	(130, 12828.0)	(132, 13791.0)	(134, 15491.0)	(136, 16580.0)	(138, 17689.0)	(140, 17245.0)	(142, 21613.0)	(144, 30616.0)	(146, 0.0)	(148, 18384690.0)
I_24hrsS1_Data1	(100, 3444.0)	(102, 4083.0)	(104, 4754.0)	(106, 5143.0)	(108, 4904.0)	(110, 5261.0)	(112, 6009.0)	(114, 6866.0)	(116, 7496.0)	(118, 7365.0)	(120, 7825.0)	(122, 8300.0)	(124, 9493.0)	(126, 10397.0)	(128, 10512.0)	(130, 10911.0)	(132, 11705.0)	(134, 13188.0)	(136, 14221.0)	(138, 15239.0)	(140, 14260.0)	(142, 16805.0)	(144, 26941.0)	(146, 0.0)	(148, 20287963.0)
I_24hrsS1_Data2	(100, 3707.0)	(102, 4449.0)	(104, 5022.0)	(106, 5463.0)	(108, 5172.0)	(110, 5525.0)	(112, 6341.0)	(114, 7094.0)	(116, 7775.0)	(118, 7683.0)	(120, 8233.0)	(122, 8631.0)	(124, 9798.0)	(126, 10747.0)	(128, 10782.0)	(130, 11239.0)	(132, 12051.0)	(134, 13473.0)	(136, 14556.0)	(138, 15530.0)	(140, 14949.0)	(142, 19248.0)	(144, 31122.0)	(146, 0.0)	(148, 20274495.0)
I_24hrsS2_Data1	(100, 4052.0)	(102, 4503.0)	(104, 5381.0)	(106, 5585.0)	(108, 5423.0)	(110, 5865.0)	(112, 6769.0)	(114, 7541.0)	(116, 8050.0)	(118, 8139.0)	(120, 8510.0)	(122, 9561.0)	(124, 10423.0)	(126, 11191.0)	(128, 11531.0)	(130, 12012.0)	(132, 12983.0)	(134, 14142.0)	(136, 15490.0)	(138, 16497.0)	(140, 15751.0)	(142, 18054.0)	(144, 27730.0)	(146, 0.0)	(148, 19958265.0)
I_24hrsS2_Data2	(100, 4281.0)	(102, 4908.0)	(104, 5616.0)	(106, 5900.0)	(108, 5658.0)	(110, 6105.0)	(112, 7022.0)	(114, 7796.0)	(116, 8290.0)	(118, 8421.0)	(120, 8823.0)	(122, 9846.0)	(124, 10668.0)	(126, 11473.0)	(128, 11805.0)	(130, 12314.0)	(132, 13245.0)	(134, 14391.0)	(136, 15799.0)	(138, 16736.0)	(140, 16397.0)	(142, 20260.0)	(144, 31387.0)	(146, 0.0)	(148, 19946307.0)
I_24hrsS3_Data1	(100, 3647.0)	(102, 4225.0)	(104, 4817.0)	(106, 5117.0)	(108, 5049.0)	(110, 5439.0)	(112, 6069.0)	(114, 6853.0)	(116, 7469.0)	(118, 7359.0)	(120, 7714.0)	(122, 8599.0)	(124, 9442.0)	(126, 10113.0)	(128, 10364.0)	(130, 10757.0)	(132, 11670.0)	(134, 12954.0)	(136, 14059.0)	(138, 15321.0)	(140, 14654.0)	(142, 16530.0)	(144, 26061.0)	(146, 0.0)	(148, 19212196.0)
I_24hrsS3_Data2	(100, 3893.0)	(102, 4560.0)	(104, 5036.0)	(106, 5399.0)	(108, 5305.0)	(110, 5638.0)	(112, 6291.0)	(114, 7115.0)	(116, 7698.0)	(118, 7610.0)	(120, 7965.0)	(122, 8801.0)	(124, 9632.0)	(126, 10341.0)	(128, 10574.0)	(130, 11061.0)	(132, 11931.0)	(134, 13173.0)	(136, 14292.0)	(138, 15632.0)	(140, 15118.0)	(142, 18767.0)	(144, 29874.0)	(146, 0.0)	(148, 19200772.0)
I_4hrsS1_Data1	(100, 5381.0)	(102, 6325.0)	(104, 7432.0)	(106, 7743.0)	(108, 7595.0)	(110, 7708.0)	(112, 8680.0)	(114, 9958.0)	(116, 10518.0)	(118, 10387.0)	(120, 10534.0)	(122, 11293.0)	(124, 13237.0)	(126, 13828.0)	(128, 14096.0)	(130, 14175.0)	(132, 15337.0)	(134, 17062.0)	(136, 18569.0)	(138, 19020.0)	(140, 18113.0)	(142, 20373.0)	(144, 27120.0)	(146, 0.0)	(148, 18410204.0)
I_4hrsS1_Data2	(100, 5676.0)	(102, 6693.0)	(104, 7730.0)	(106, 8106.0)	(108, 7898.0)	(110, 8033.0)	(112, 9017.0)	(114, 10274.0)	(116, 10866.0)	(118, 10717.0)	(120, 10884.0)	(122, 11681.0)	(124, 13602.0)	(126, 14191.0)	(128, 14394.0)	(130, 14580.0)	(132, 15650.0)	(134, 17388.0)	(136, 18920.0)	(138, 19448.0)	(140, 18873.0)	(142, 23250.0)	(144, 31304.0)	(146, 0.0)	(148, 18395513.0)
I_4hrsS2_Data1	(100, 4541.0)	(102, 5506.0)	(104, 6413.0)	(106, 6508.0)	(108, 6345.0)	(110, 7008.0)	(112, 7544.0)	(114, 8843.0)	(116, 9187.0)	(118, 8937.0)	(120, 9399.0)	(122, 10289.0)	(124, 11177.0)	(126, 12383.0)	(128, 12087.0)	(130, 12474.0)	(132, 13594.0)	(134, 14839.0)	(136, 16012.0)	(138, 16688.0)	(140, 16352.0)	(142, 18183.0)	(144, 27111.0)	(146, 0.0)	(148, 19519964.0)
I_4hrsS2_Data2	(100, 4813.0)	(102, 5837.0)	(104, 6676.0)	(106, 6765.0)	(108, 6635.0)	(110, 7286.0)	(112, 7800.0)	(114, 9131.0)	(116, 9497.0)	(118, 9252.0)	(120, 9748.0)	(122, 10550.0)	(124, 11467.0)	(126, 12703.0)	(128, 12323.0)	(130, 12753.0)	(132, 13890.0)	(134, 15172.0)	(136, 16310.0)	(138, 17053.0)	(140, 17008.0)	(142, 20796.0)	(144, 30957.0)	(146, 0.0)	(148, 19506962.0)
I_4hrsS3_Data1	(100, 3313.0)	(102, 3877.0)	(104, 4517.0)	(106, 4713.0)	(108, 4651.0)	(110, 4953.0)	(112, 5668.0)	(114, 6437.0)	(116, 6983.0)	(118, 7044.0)	(120, 7246.0)	(122, 7867.0)	(124, 8867.0)	(126, 9427.0)	(128, 9774.0)	(130, 9928.0)	(132, 10890.0)	(134, 12123.0)	(136, 12945.0)	(138, 13810.0)	(140, 13381.0)	(142, 15642.0)	(144, 26263.0)	(146, 0.0)	(148, 19711645.0)
I_4hrsS3_Data2	(100, 3597.0)	(102, 4189.0)	(104, 4760.0)	(106, 5025.0)	(108, 4938.0)	(110, 5230.0)	(112, 5929.0)	(114, 6678.0)	(116, 7256.0)	(118, 7311.0)	(120, 7541.0)	(122, 8191.0)	(124, 9185.0)	(126, 9774.0)	(128, 10004.0)	(130, 10258.0)	(132, 11191.0)	(134, 12408.0)	(136, 13260.0)	(138, 14215.0)	(140, 13977.0)	(142, 18000.0)	(144, 29574.0)	(146, 0.0)	(148, 19699473.0)
I_72hrsS1_Data1	(100, 3120.0)	(102, 3647.0)	(104, 4229.0)	(106, 4162.0)	(108, 4421.0)	(110, 4946.0)	(112, 5206.0)	(114, 6108.0)	(116, 6422.0)	(118, 6544.0)	(120, 6978.0)	(122, 7359.0)	(124, 8718.0)	(126, 9068.0)	(128, 9346.0)	(130, 9693.0)	(132, 10489.0)	(134, 11687.0)	(136, 12729.0)	(138, 13411.0)	(140, 13341.0)	(142, 14965.0)	(144, 25132.0)	(146, 0.0)	(148, 19696289.0)
I_72hrsS1_Data2	(100, 3341.0)	(102, 3943.0)	(104, 4463.0)	(106, 4386.0)	(108, 4656.0)	(110, 5173.0)	(112, 5442.0)	(114, 6329.0)	(116, 6663.0)	(118, 6793.0)	(120, 7245.0)	(122, 7574.0)	(124, 8933.0)	(126, 9300.0)	(128, 9567.0)	(130, 9954.0)	(132, 10754.0)	(134, 11928.0)	(136, 12967.0)	(138, 13788.0)	(140, 13813.0)	(142, 16580.0)	(144, 27802.0)	(146, 0.0)	(148, 19686616.0)
I_72hrsS2_Data1	(100, 3188.0)	(102, 3783.0)	(104, 4188.0)	(106, 4154.0)	(108, 4425.0)	(110, 4778.0)	(112, 5407.0)	(114, 6188.0)	(116, 6462.0)	(118, 6507.0)	(120, 6886.0)	(122, 7645.0)	(124, 8480.0)	(126, 8977.0)	(128, 8833.0)	(130, 9719.0)	(132, 10488.0)	(134, 11583.0)	(136, 12446.0)	(138, 12709.0)	(140, 12707.0)	(142, 14227.0)	(144, 23819.0)	(146, 0.0)	(148, 18809494.0)
I_72hrsS2_Data2	(100, 3376.0)	(102, 4031.0)	(104, 4400.0)	(106, 4408.0)	(108, 4596.0)	(110, 4999.0)	(112, 5626.0)	(114, 6371.0)	(116, 6641.0)	(118, 6809.0)	(120, 7179.0)	(122, 7907.0)	(124, 8730.0)	(126, 9194.0)	(128, 9065.0)	(130, 10009.0)	(132, 10712.0)	(134, 11795.0)	(136, 12697.0)	(138, 13166.0)	(140, 13144.0)	(142, 16055.0)	(144, 26144.0)	(146, 0.0)	(148, 18800039.0)
I_72hrsS3_Data1	(100, 13979.0)	(102, 16529.0)	(104, 19322.0)	(106, 20490.0)	(108, 19876.0)	(110, 19747.0)	(112, 22202.0)	(114, 26057.0)	(116, 27997.0)	(118, 27233.0)	(120, 27741.0)	(122, 29933.0)	(124, 34470.0)	(126, 37539.0)	(128, 37574.0)	(130, 36395.0)	(132, 38079.0)	(134, 43278.0)	(136, 47381.0)	(138, 48665.0)	(140, 46737.0)	(142, 49614.0)	(144, 40421.0)	(146, 0.0)	(148, 17819796.0)
I_72hrsS3_Data2	(100, 14056.0)	(102, 16634.0)	(104, 19465.0)	(106, 20547.0)	(108, 19993.0)	(110, 19797.0)	(112, 22268.0)	(114, 26137.0)	(116, 28115.0)	(118, 27275.0)	(120, 27783.0)	(122, 30050.0)	(124, 34570.0)	(126, 37498.0)	(128, 37547.0)	(130, 36361.0)	(132, 38058.0)	(134, 43117.0)	(136, 47207.0)	(138, 48907.0)	(140, 46445.0)	(142, 52315.0)	(144, 44735.0)	(146, 0.0)	(148, 17812175.0)
U_12hrsN1_Data1	(100, 3962.0)	(102, 4750.0)	(104, 5460.0)	(106, 5841.0)	(108, 5693.0)	(110, 5918.0)	(112, 6646.0)	(114, 7413.0)	(116, 7919.0)	(118, 8006.0)	(120, 8140.0)	(122, 8711.0)	(124, 9837.0)	(126, 10812.0)	(128, 10606.0)	(130, 10920.0)	(132, 11931.0)	(134, 13104.0)	(136, 14261.0)	(138, 15299.0)	(140, 14596.0)	(142, 16624.0)	(144, 26282.0)	(146, 0.0)	(148, 19980563.0)
U_12hrsN1_Data2	(100, 4266.0)	(102, 5224.0)	(104, 5763.0)	(106, 6232.0)	(108, 6007.0)	(110, 6215.0)	(112, 6981.0)	(114, 7688.0)	(116, 8203.0)	(118, 8325.0)	(120, 8549.0)	(122, 9089.0)	(124, 10159.0)	(126, 11231.0)	(128, 10890.0)	(130, 11244.0)	(132, 12264.0)	(134, 13397.0)	(136, 14602.0)	(138, 15830.0)	(140, 15285.0)	(142, 19624.0)	(144, 30967.0)	(146, 0.0)	(148, 19965259.0)
U_12hrsN2_Data1	(100, 4401.0)	(102, 5115.0)	(104, 5940.0)	(106, 6247.0)	(108, 6088.0)	(110, 6267.0)	(112, 6996.0)	(114, 7936.0)	(116, 8531.0)	(118, 8609.0)	(120, 8536.0)	(122, 9523.0)	(124, 10753.0)	(126, 11805.0)	(128, 11643.0)	(130, 11938.0)	(132, 12651.0)	(134, 14087.0)	(136, 15466.0)	(138, 16273.0)	(140, 15281.0)	(142, 17088.0)	(144, 26253.0)	(146, 0.0)	(148, 19403324.0)
U_12hrsN2_Data2	(100, 4793.0)	(102, 5577.0)	(104, 6215.0)	(106, 6618.0)	(108, 6412.0)	(110, 6626.0)	(112, 7306.0)	(114, 8221.0)	(116, 8890.0)	(118, 8925.0)	(120, 8922.0)	(122, 9867.0)	(124, 11083.0)	(126, 12158.0)	(128, 11972.0)	(130, 12285.0)	(132, 13009.0)	(134, 14402.0)	(136, 15799.0)	(138, 16665.0)	(140, 16087.0)	(142, 20205.0)	(144, 31182.0)	(146, 0.0)	(148, 19387532.0)
U_24hrsN1_Data1	(100, 3737.0)	(102, 4493.0)	(104, 5176.0)	(106, 5371.0)	(108, 5198.0)	(110, 5731.0)	(112, 6328.0)	(114, 6976.0)	(116, 7881.0)	(118, 7582.0)	(120, 7878.0)	(122, 8578.0)	(124, 9573.0)	(126, 10001.0)	(128, 10650.0)	(130, 10947.0)	(132, 11515.0)	(134, 12929.0)	(136, 13797.0)	(138, 14563.0)	(140, 13872.0)	(142, 15802.0)	(144, 24688.0)	(146, 0.0)	(148, 18284251.0)
U_24hrsN1_Data2	(100, 3988.0)	(102, 4813.0)	(104, 5390.0)	(106, 5669.0)	(108, 5444.0)	(110, 5950.0)	(112, 6623.0)	(114, 7217.0)	(116, 8145.0)	(118, 7885.0)	(120, 8197.0)	(122, 8855.0)	(124, 9839.0)	(126, 10394.0)	(128, 10892.0)	(130, 11237.0)	(132, 11907.0)	(134, 13187.0)	(136, 14130.0)	(138, 15024.0)	(140, 14519.0)	(142, 18409.0)	(144, 29342.0)	(146, 0.0)	(148, 18270461.0)
U_24hrsN2_Data1	(100, 3312.0)	(102, 3671.0)	(104, 4368.0)	(106, 4553.0)	(108, 4619.0)	(110, 4891.0)	(112, 5527.0)	(114, 6214.0)	(116, 6720.0)	(118, 6939.0)	(120, 7087.0)	(122, 7779.0)	(124, 9045.0)	(126, 9552.0)	(128, 9880.0)	(130, 10113.0)	(132, 11202.0)	(134, 12641.0)	(136, 13484.0)	(138, 14317.0)	(140, 13716.0)	(142, 16054.0)	(144, 25436.0)	(146, 0.0)	(148, 18973489.0)
U_24hrsN2_Data2	(100, 3556.0)	(102, 4076.0)	(104, 4653.0)	(106, 4839.0)	(108, 4879.0)	(110, 5161.0)	(112, 5779.0)	(114, 6477.0)	(116, 6975.0)	(118, 7222.0)	(120, 7424.0)	(122, 8069.0)	(124, 9312.0)	(126, 9882.0)	(128, 10142.0)	(130, 10413.0)	(132, 11506.0)	(134, 12923.0)	(136, 13811.0)	(138, 14589.0)	(140, 14488.0)	(142, 18530.0)	(144, 29653.0)	(146, 0.0)	(148, 18960250.0)
U_4hrsN1_Data1	(100, 3666.0)	(102, 4287.0)	(104, 5056.0)	(106, 5231.0)	(108, 5243.0)	(110, 5375.0)	(112, 6514.0)	(114, 7101.0)	(116, 7627.0)	(118, 7717.0)	(120, 8131.0)	(122, 9054.0)	(124, 9769.0)	(126, 10786.0)	(128, 10966.0)	(130, 11343.0)	(132, 11947.0)	(134, 13673.0)	(136, 14992.0)	(138, 15597.0)	(140, 15301.0)	(142, 17181.0)	(144, 26082.0)	(146, 0.0)	(148, 18732602.0)
U_4hrsN1_Data2	(100, 3919.0)	(102, 4597.0)	(104, 5307.0)	(106, 5563.0)	(108, 5507.0)	(110, 5626.0)	(112, 6802.0)	(114, 7385.0)	(116, 7952.0)	(118, 7989.0)	(120, 8437.0)	(122, 9384.0)	(124, 10044.0)	(126, 11126.0)	(128, 11211.0)	(130, 11651.0)	(132, 12243.0)	(134, 13992.0)	(136, 15275.0)	(138, 16110.0)	(140, 16065.0)	(142, 19619.0)	(144, 29803.0)	(146, 0.0)	(148, 18719634.0)
U_4hrsN2_Data1	(100, 16962.0)	(102, 19631.0)	(104, 22364.0)	(106, 24420.0)	(108, 24065.0)	(110, 22818.0)	(112, 26359.0)	(114, 30988.0)	(116, 33031.0)	(118, 32789.0)	(120, 32203.0)	(122, 34883.0)	(124, 39909.0)	(126, 43790.0)	(128, 44820.0)	(130, 42949.0)	(132, 44659.0)	(134, 51133.0)	(136, 54909.0)	(138, 57131.0)	(140, 57046.0)	(142, 58063.0)	(144, 40693.0)	(146, 0.0)	(148, 16516085.0)
U_4hrsN2_Data2	(100, 17259.0)	(102, 19917.0)	(104, 22660.0)	(106, 24750.0)	(108, 24358.0)	(110, 23126.0)	(112, 26620.0)	(114, 31380.0)	(116, 33261.0)	(118, 33100.0)	(120, 32382.0)	(122, 35071.0)	(124, 40028.0)	(126, 43949.0)	(128, 44890.0)	(130, 43080.0)	(132, 44733.0)	(134, 50983.0)	(136, 54694.0)	(138, 57174.0)	(140, 56204.0)	(142, 59357.0)	(144, 42446.0)	(146, 0.0)	(148, 16510278.0)
U_72hrsN1_Data1	(100, 12591.0)	(102, 15151.0)	(104, 17876.0)	(106, 18871.0)	(108, 19647.0)	(110, 19739.0)	(112, 23197.0)	(114, 25946.0)	(116, 29110.0)	(118, 29329.0)	(120, 29723.0)	(122, 32414.0)	(124, 37066.0)	(126, 42920.0)	(128, 42617.0)	(130, 42859.0)	(132, 49006.0)	(134, 55128.0)	(136, 59077.0)	(138, 61653.0)	(140, 58415.0)	(142, 62801.0)	(144, 58513.0)	(146, 0.0)	(148, 23101325.0)
U_72hrsN1_Data2	(100, 12926.0)	(102, 15390.0)	(104, 18154.0)	(106, 19141.0)	(108, 19869.0)	(110, 20087.0)	(112, 23386.0)	(114, 26154.0)	(116, 29457.0)	(118, 29506.0)	(120, 29922.0)	(122, 32730.0)	(124, 37272.0)	(126, 43024.0)	(128, 42861.0)	(130, 42955.0)	(132, 49069.0)	(134, 55098.0)	(136, 59253.0)	(138, 62042.0)	(140, 57971.0)	(142, 62427.0)	(144, 44003.0)	(146, 0.0)	(148, 23112277.0)
U_72hrsN2_Data1	(100, 3633.0)	(102, 4193.0)	(104, 4768.0)	(106, 4989.0)	(108, 5130.0)	(110, 5332.0)	(112, 5912.0)	(114, 6778.0)	(116, 7260.0)	(118, 7445.0)	(120, 7692.0)	(122, 8473.0)	(124, 9441.0)	(126, 10251.0)	(128, 10505.0)	(130, 10638.0)	(132, 11595.0)	(134, 12944.0)	(136, 13757.0)	(138, 14331.0)	(140, 14477.0)	(142, 16670.0)	(144, 26127.0)	(146, 0.0)	(148, 19212946.0)
U_72hrsN2_Data2	(100, 3887.0)	(102, 4515.0)	(104, 4994.0)	(106, 5303.0)	(108, 5376.0)	(110, 5583.0)	(112, 6140.0)	(114, 7028.0)	(116, 7517.0)	(118, 7736.0)	(120, 7997.0)	(122, 8761.0)	(124, 9712.0)	(126, 10549.0)	(128, 10765.0)	(130, 10984.0)	(132, 11925.0)	(134, 13245.0)	(136, 14032.0)	(138, 14764.0)	(140, 15151.0)	(142, 18915.0)	(144, 29900.0)	(146, 0.0)	(148, 19200508.0)
